0.016980328236 -0.004111043490 0.018417263839
-0.004111043490 0.077929251884 -0.033012165271
0.018417263839 -0.033012165271 0.044386070718
0.016790439239 -0.002766264469 0.017907066847
-0.002766264469 0.074983089646 -0.031401985397
0.017907066847 -0.031401985397 0.043667432929
0.016605023361 -0.002578150882 0.017674343316
-0.002578150882 0.073895625126 -0.030900456641
0.017674343316 -0.030900456641 0.043157839341
0.016381432644 -0.003475989496 0.017660372508
-0.003475989496 0.074367933162 -0.031363305361
0.017660372508 -0.031363305361 0.042735116927
0.016121937097 -0.005494034685 0.017879809574
-0.005494034685 0.076447060439 -0.032817798237
0.017879809574 -0.032817798237 0.042410052829
0.015883843779 -0.008700679017 0.018417948041
-0.008700679017 0.080441585554 -0.035404884691
0.018417948041 -0.035404884691 0.042339569724
0.015802317499 -0.013055359734 0.019427539901
-0.013055359734 0.086761394220 -0.039266584475
0.019427539901 -0.039266584475 0.042859479517
0.016103246770 -0.018160833260 0.021094067049
-0.018160833260 0.095535689961 -0.044309396082
0.021094067049 -0.044309396082 0.044473041285
0.017053439758 -0.023010805553 0.023530228157
-0.023010805553 0.105981329842 -0.049867393777
0.023530228157 -0.049867393777 0.047678624374
0.018804977968 -0.026091575898 0.026617935361
-0.026091575898 0.115998405347 -0.054580174281
0.026617935361 -0.054580174281 0.052591333479
0.021220397073 -0.026150215947 0.029949698866
-0.026150215947 0.122898199336 -0.056955331053
0.029949698866 -0.056955331053 0.058637261937
0.023890771389 -0.023111809666 0.033012920590
-0.023111809666 0.125140937775 -0.056382492913
0.033012920590 -0.056382492913 0.064767504542
0.026371266337 -0.018091481764 0.035461651690
-0.018091481764 0.123236927570 -0.053489458886
0.035461651690 -0.053489458886 0.070060942909
0.028369074445 -0.012521653994 0.037182816281
-0.012521653994 0.118830386197 -0.049461440503
0.037182816281 -0.049461440503 0.074044317026
0.029724506991 -0.007422330349 0.038149753306
-0.007422330349 0.113274290335 -0.045219103218
0.038149753306 -0.045219103218 0.076520197572
0.030290852359 -0.003295297853 0.038263319602
-0.003295297853 0.106988293645 -0.041155346106
0.038263319602 -0.041155346106 0.077284957297
0.029868476725 -0.000382586603 0.037324744603
-0.000382586603 0.099648969841 -0.037400745674
0.037324744603 -0.037400745674 0.076158446021
0.028324534746 0.000993310758 0.035273124184
0.000993310758 0.091044397095 -0.034570136363
0.035273124184 -0.034570136363 0.073791244481
0.026066667749 0.000084493421 0.032915256260
0.000084493421 0.082891434336 -0.035257856114
0.032915256260 -0.035257856114 0.073907992942
0.024813675687 -0.004470584990 0.033033891149
-0.004470584990 0.081284039806 -0.045851066615
0.033033891149 -0.045851066615 0.086391484697
0.027575549429 -0.014066358943 0.040204613781
-0.014066358943 0.096082584951 -0.075258531602
0.040204613781 -0.075258531602 0.125740126640
0.036337620065 -0.028444362205 0.057111385486
-0.028444362205 0.132686053894 -0.126788322021
0.057111385486 -0.126788322021 0.198494387291
0.049434449355 -0.044754095920 0.080593103761
-0.044754095920 0.183699721094 -0.190846382391
0.080593103761 -0.190846382391 0.291277684465
0.062793969803 -0.059351401767 0.103849766917
-0.059351401767 0.234219064399 -0.251146880266
0.103849766917 -0.251146880266 0.379780952405
0.073326271994 -0.070170536104 0.121871863106
-0.070170536104 0.273650812637 -0.296669920203
0.121871863106 -0.296669920203 0.447215265272
0.080111563270 -0.077039043253 0.133236789316
-0.077039043253 0.299315637254 -0.324885262778
0.133236789316 -0.324885262778 0.489584373071
0.083527307470 -0.080692562939 0.138616406455
-0.080692562939 0.313041176942 -0.337901633268
0.138616406455 -0.337901633268 0.509997326015
0.084226179133 -0.081931796142 0.139087609626
-0.081931796142 0.317505924596 -0.338515797929
0.139087609626 -0.338515797929 0.512709875823
0.082539642580 -0.081169807331 0.135155096434
-0.081169807331 0.314143191574 -0.327984474742
0.135155096434 -0.327984474742 0.499741064583
0.077996047992 -0.077991616307 0.125983503270
-0.077991616307 0.301275450728 -0.304258833981
0.125983503270 -0.304258833981 0.468100697186
0.069015833111 -0.070678594264 0.108936653938
-0.070678594264 0.272226381964 -0.261025577399
0.108936653938 -0.261025577399 0.407892434103
0.055621345845 -0.058143287916 0.083623789482
-0.058143287916 0.222698192339 -0.197791892648
0.083623789482 -0.197791892648 0.316688231370
0.048534210787 -0.048159006022 0.065141480895
-0.048159006022 0.182153583724 -0.151730374373
0.065141480895 -0.151730374373 0.248551735002
0.063089649445 -0.054527303055 0.075892094040
-0.054527303055 0.203256904572 -0.176784199797
0.075892094040 -0.176784199797 0.286298621015
0.091648691081 -0.073446371882 0.107226036777
-0.073446371882 0.272288572119 -0.251486840120
0.107226036777 -0.251486840120 0.400016276349
0.116739928093 -0.091332469158 0.136257176529
-0.091332469158 0.338224243696 -0.320681216694
0.136257176529 -0.320681216694 0.506090328690
0.132632887667 -0.102980487378 0.154895251139
-0.102980487378 0.381283566462 -0.365039161654
0.154895251139 -0.365039161654 0.574420308928
0.140766173899 -0.109040945340 0.164441106176
-0.109040945340 0.403703108818 -0.387704721719
0.164441106176 -0.387704721719 0.609520869677
0.143136468353 -0.110892938489 0.167138381989
-0.110892938489 0.410540799689 -0.394019523990
0.167138381989 -0.394019523990 0.619572607563
0.140441781397 -0.109102543168 0.163712012524
-0.109102543168 0.403869187989 -0.385633426083
0.163712012524 -0.385633426083 0.607336429564
0.131871412218 -0.103318109800 0.152953719137
-0.103318109800 0.382345712304 -0.359410287234
0.152953719137 -0.359410287234 0.568766612297
