0.154375412832 -0.147296441622 0.210542231396
-0.147296441622 0.426810541451 -0.338158619116
0.210542231396 -0.338158619116 0.413694343748
0.151637661366 -0.144508176948 0.206461686001
-0.144508176948 0.418882141245 -0.331555487591
0.206461686001 -0.331555487591 0.405805452954
0.146954017935 -0.139678186847 0.199381775511
-0.139678186847 0.405153630342 -0.320066215950
0.199381775511 -0.320066215950 0.392148993111
0.140194377283 -0.132615936925 0.188991957757
-0.132615936925 0.385135116070 -0.303175568189
0.188991957757 -0.303175568189 0.372164617623
0.131335036506 -0.123183663915 0.175028701659
-0.123183663915 0.358536129139 -0.280432058840
0.175028701659 -0.280432058840 0.345421136427
0.120691094423 -0.111501303878 0.157554300717
-0.111501303878 0.325885150304 -0.251895571411
0.157554300717 -0.251895571411 0.312179243155
0.109270483450 -0.098276450930 0.137415859383
-0.098276450930 0.289511349938 -0.218879908060
0.137415859383 -0.218879908060 0.274303420418
0.099109539225 -0.085158355896 0.116759194998
-0.085158355896 0.254564606496 -0.184796925338
0.116759194998 -0.184796925338 0.236252221705
0.093147583116 -0.074744391903 0.099103328550
-0.074744391903 0.228932387276 -0.155313987530
0.099103328550 -0.155313987530 0.205133684646
0.094065639660 -0.069700936933 0.088231245537
-0.069700936933 0.220442195321 -0.136614988679
0.088231245537 -0.136614988679 0.188345900298
0.102327027818 -0.071080491280 0.085943950218
-0.071080491280 0.231691271267 -0.131792203360
0.085943950218 -0.131792203360 0.188996989464
0.115203145836 -0.077267907973 0.090541227787
-0.077267907973 0.256972726593 -0.138321792122
0.090541227787 -0.138321792122 0.202982730771
0.128278879304 -0.084952681156 0.097942800797
-0.084952681156 0.285517368012 -0.149747917851
0.097942800797 -0.149747917851 0.221537163137
0.138063909434 -0.091214093129 0.104358089151
-0.091214093129 0.308056231920 -0.159931851993
0.104358089151 -0.159931851993 0.236819100975
0.143203749084 -0.094657883883 0.107809553409
-0.094657883883 0.320262283887 -0.165559580404
0.107809553409 -0.165559580404 0.244957680911
0.143979086859 -0.095172466952 0.107857524904
-0.095172466952 0.321813491633 -0.165780938183
0.107857524904 -0.165780938183 0.245350945422
0.141441002693 -0.093284532452 0.104727070122
-0.093284532452 0.314212082728 -0.160844568555
0.104727070122 -0.160844568555 0.238813356596
0.137091685208 -0.089850707360 0.098777709311
-0.089850707360 0.299684068576 -0.151236723390
0.098777709311 -0.151236723390 0.226536350751
0.133116447563 -0.086142374849 0.090441463328
-0.086142374849 0.281352924859 -0.137548717223
0.090441463328 -0.137548717223 0.210074514575
0.132711700876 -0.084035065744 0.080396563282
-0.084035065744 0.263852906124 -0.120725144131
0.080396563282 -0.120725144131 0.191780798311
0.139915951748 -0.085926500924 0.069702851456
-0.085926500924 0.253327448681 -0.102281127083
0.069702851456 -0.102281127083 0.174992920312
0.158547062845 -0.094131681628 0.059694367659
-0.094131681628 0.256081599314 -0.084182425492
0.059694367659 -0.084182425492 0.163465162801
0.190523880340 -0.109905680578 0.051605918053
-0.109905680578 0.276175682672 -0.068339649798
0.051605918053 -0.068339649798 0.160102949789
0.234560293025 -0.132667995631 0.046144842515
-0.132667995631 0.313365560275 -0.056000474465
0.046144842515 -0.056000474465 0.165728809157
0.286030589008 -0.159903288676 0.043288019680
-0.159903288676 0.362653654630 -0.047432237425
0.043288019680 -0.047432237425 0.178657109572
0.337711741677 -0.187577844463 0.042421076459
-0.187577844463 0.415153278315 -0.042045412377
0.042421076459 -0.042045412377 0.195126460534
0.380697780771 -0.210627853952 0.042894571016
-0.210627853952 0.458927648846 -0.038873185629
0.042894571016 -0.038873185629 0.210198053798
0.406901410867 -0.224157848235 0.045671498144
-0.224157848235 0.480052018324 -0.037571576567
0.045671498144 -0.037571576567 0.219903593302
0.418565586465 -0.228131452344 0.057603700727
-0.228131452344 0.468166263653 -0.040657245700
0.057603700727 -0.040657245700 0.227762204207
0.445811447638 -0.236372080702 0.096962831410
-0.236372080702 0.430291316434 -0.056421450757
0.096962831410 -0.056421450757 0.255539350444
0.545773724945 -0.276976058186 0.188181738757
-0.276976058186 0.398958051025 -0.096674053158
0.188181738757 -0.096674053158 0.340566835367
0.752806544927 -0.368320472955 0.337347585455
-0.368320472955 0.408957981616 -0.164881593921
0.337347585455 -0.164881593921 0.501586490934
1.034408980860 -0.496573154467 0.517785002996
-0.496573154467 0.463889275408 -0.248742333841
0.517785002996 -0.248742333841 0.711651555307
1.322585256661 -0.629787332549 0.691304869064
-0.629787332549 0.540373991892 -0.330065276597
0.691304869064 -0.330065276597 0.922087836448
1.568218311172 -0.744225917344 0.834144768285
-0.744225917344 0.614738879104 -0.397319069459
0.834144768285 -0.397319069459 1.099372526044
1.755296454038 -0.831768834645 0.940741363538
-0.831768834645 0.675335385725 -0.447642529227
0.940741363538 -0.447642529227 1.233486779827
1.887685196102 -0.893880747454 1.015257797256
-0.893880747454 0.719872309900 -0.482877387502
1.015257797256 -0.482877387502 1.328012760646
1.975356327976 -0.935076805410 1.064238594016
-0.935076805410 0.750024242020 -0.506060168744
1.064238594016 -0.506060168744 1.390457636662
2.027513408667 -0.959607505408 1.093249680877
-0.959607505408 0.768193096701 -0.519799045781
1.093249680877 -0.519799045781 1.427553503440
2.050368340684 -0.970362175486 1.105930867116
-0.970362175486 0.776210731393 -0.525806382891
1.105930867116 -0.525806382891 1.443795553376
2.046782672122 -0.968675936916 1.103935192456
-0.968675936916 0.774963557825 -0.524861240202
1.103935192456 -0.524861240202 1.441244644005
