0.009843206232 0.027698780558 0.006673655951
0.027698780558 0.147822292193 0.038020264711
0.006673655951 0.038020264711 0.016138629565
0.010188870509 0.028928946572 0.006915003145
0.028928946572 0.154446401228 0.039674184899
0.006915003145 0.039674184899 0.016376022780
0.010432350181 0.029786909907 0.007084735531
0.029786909907 0.159064956006 0.040828642680
0.007084735531 0.040828642680 0.016554030841
0.010570886699 0.030272802144 0.007181211383
0.030272802144 0.161680388810 0.041482739175
0.007181211383 0.041482739175 0.016658084025
0.010603286564 0.030387756704 0.007203745113
0.030387756704 0.162299769993 0.041637423590
0.007203745113 0.041637423590 0.016680483006
0.010529064295 0.030131549235 0.007152029108
0.030131549235 0.160922219756 0.041292245471
0.007152029108 0.041292245471 0.016618931073
0.010348188280 0.029501914851 0.007025960293
0.029501914851 0.157535284394 0.040444415331
0.007025960293 0.040444415331 0.016476065305
0.010061410869 0.028495478205 0.006825857849
0.028495478205 0.152119936348 0.039090087626
0.006825857849 0.039090087626 0.016259965248
0.009671187306 0.027110375995 0.006553074995
0.027110375995 0.144664647055 0.037227966954
0.006553074995 0.037227966954 0.015985544076
0.009183186395 0.025350746694 0.006211007034
0.025350746694 0.135189514002 0.034865453016
0.006211007034 0.034865453016 0.015676564615
0.008608329153 0.023233205725 0.005806451346
0.023233205725 0.123781130555 0.032027430641
0.005806451346 0.032027430641 0.015367647784
0.007965134864 0.020795089208 0.005351159426
0.020795089208 0.110637009160 0.028767281541
0.005351159426 0.028767281541 0.015104933320
0.007281964846 0.018103524921 0.004863254154
0.018103524921 0.096114026704 0.025178536730
0.004863254154 0.025178536730 0.014943007780
0.006598855770 0.015263337801 0.004368126835
0.015263337801 0.080768089553 0.021403758965
0.004368126835 0.021403758965 0.014934776295
0.005969902472 0.012420981844 0.003898946383
0.012420981844 0.065363329315 0.017635277030
0.003898946383 0.017635277030 0.015111647925
0.005470948853 0.009762478477 0.003498793782
0.009762478477 0.050824036799 0.014101997149
0.003498793782 0.014101997149 0.015456848746
0.005223415292 0.007507173827 0.003229769147
0.007507173827 0.038112200445 0.011040585373
0.003229769147 0.011040585373 0.015887859812
0.005445196543 0.005903827421 0.003195361042
0.005903827421 0.028048718519 0.008659208744
0.003195361042 0.008659208744 0.016279753667
0.006512989406 0.005230321891 0.003570466625
0.005230321891 0.021146464983 0.007110938979
0.003570466625 0.007110938979 0.016554422928
0.008959224322 0.005772704473 0.004603483442
0.005772704473 0.017536775203 0.006485783051
0.004603483442 0.006485783051 0.016799599258
0.013299648659 0.007739209096 0.006538965384
0.007739209096 0.017002086510 0.006803773337
0.006538965384 0.006803773337 0.017299659453
0.019712069698 0.011113614372 0.009466368328
0.011113614372 0.019044005946 0.007986186507
0.009466368328 0.007986186507 0.018389313905
0.027794954968 0.015552783384 0.013202037055
0.015552783384 0.022943087189 0.009824969132
0.013202037055 0.009824969132 0.020221549405
0.036630226030 0.020438163921 0.017314385594
0.020438163921 0.027851574971 0.012000452480
0.017314385594 0.012000452480 0.022652899030
0.045102843907 0.025056156495 0.021273706895
0.025056156495 0.032942840303 0.014155162852
0.021273706895 0.014155162852 0.025323870664
0.052234461398 0.028779191689 0.024611734008
0.028779191689 0.037559012037 0.015976117077
0.024611734008 0.015976117077 0.027830990560
0.057363214969 0.031157918446 0.027009206777
0.031157918446 0.041292114032 0.017241737380
0.027009206777 0.017241737380 0.029862795870
0.060172824296 0.031927811177 0.028311375711
0.031927811177 0.043995659393 0.017829327169
0.028311375711 0.017829327169 0.031259376410
0.060656403875 0.030979722961 0.028511690371
0.030979722961 0.045765342779 0.017703732101
0.028511690371 0.017703732101 0.032021686628
0.059085601540 0.028337499884 0.027737549843
0.028337499884 0.046922087958 0.016906900608
0.027737549843 0.016906900608 0.032305428769
0.056005268399 0.024160544318 0.026248074397
0.024160544318 0.048000245169 0.015555610706
0.026248074397 0.015555610706 0.032412104029
0.052223317447 0.018764095128 0.024429595023
0.018764095128 0.049709253934 0.013841078620
0.024429595023 0.013841078620 0.032762562183
0.048728913835 0.012628498950 0.022756875592
0.012628498950 0.052815016643 0.012013734581
0.022756875592 0.012013734581 0.033820593665
0.046477126738 0.006357852137 0.021690174523
0.006357852137 0.057906810736 0.010335738556
0.021690174523 0.010335738556 0.035944439718
0.046063345527 0.000566152608 0.021518805493
0.000566152608 0.065106201476 0.009002680130
0.021518805493 0.009002680130 0.039200731514
0.047453516690 -0.004276911378 0.022230433618
-0.004276911378 0.073896684872 0.008070734681
0.022230433618 0.008070734681 0.043253242349
0.049988781468 -0.007957090520 0.023511335277
-0.007957090520 0.083259055431 0.007442337616
0.023511335277 0.007442337616 0.047444170554
0.052710120722 -0.010516475094 0.024900750135
-0.010516475094 0.092089718122 0.006927757570
0.024900750135 0.006927757570 0.051055529650
0.054784563026 -0.012159038954 0.025995549865
-0.012159038954 0.099633122499 0.006338683930
0.025995549865 0.006338683930 0.053582974242
0.055759246704 -0.013135823643 0.026573604245
-0.013135823643 0.105661659745 0.005552246610
0.026573604245 0.005552246610 0.054855017744
0.055562146001 -0.013668917063 0.026595646091
-0.013668917063 0.110369772006 0.004523141897
0.026595646091 0.004523141897 0.054976651730
0.054358255940 -0.013923253266 0.026136890192
-0.013923253266 0.114136035730 0.003263673017
0.026136890192 0.003263673017 0.054192940833
0.052398301641 -0.014007010410 0.025314086103
-0.014007010410 0.117309588906 0.001819511447
0.025314086103 0.001819511447 0.052768656591
0.049925763777 -0.013981831485 0.024240004860
-0.013981831485 0.120086303149 0.000254741656
0.024240004860 0.000254741656 0.050921971113
0.047143544134 -0.013873905990 0.023006463444
-0.013873905990 0.122470190144 -0.001353833440
0.023006463444 -0.001353833440 0.048805835997
0.044217664020 -0.013683845082 0.021685359919
-0.013683845082 0.124294260045 -0.002918339763
0.021685359919 -0.002918339763 0.046517321878
0.041296470760 -0.013395825335 0.020337601510
-0.013395825335 0.125279240161 -0.004342300413
0.020337601510 -0.004342300413 0.044118698881
0.038530899927 -0.012986652634 0.019023160679
-0.012986652634 0.125115033902 -0.005526663823
0.019023160679 -0.005526663823 0.041660362716
0.036086623245 -0.012434703432 0.017807985424
-0.012434703432 0.123550010813 -0.006379844411
0.017807985424 -0.006379844411 0.039199605448
0.034142449657 -0.011727860215 0.016765058645
-0.011727860215 0.120469210886 -0.006830168113
0.016765058645 -0.006830168113 0.036811055965
0.032873359935 -0.010869033053 0.015968586438
-0.010869033053 0.115940763253 -0.006837578254
0.015968586438 -0.006837578254 0.034586339199
0.032421956840 -0.009878003709 0.015482609994
-0.009878003709 0.110215880364 -0.006400989767
0.015482609994 -0.006400989767 0.032623358387
0.032867321003 -0.008789209190 0.015347682522
-0.008789209190 0.103682103598 -0.005558696338
0.015347682522 -0.005558696338 0.031009136598
0.034202299442 -0.007646322048 0.015570346851
-0.007646322048 0.096785911349 -0.004381469475
0.015570346851 -0.004381469475 0.029802599128
0.036327349488 -0.006495435999 0.016119139660
-0.006495435999 0.089950509668 -0.002960413393
0.016119139660 -0.002960413393 0.029023454412
0.039062518221 -0.005378840673 0.016928178209
-0.005378840673 0.083512652015 -0.001393068203
0.016928178209 -0.001393068203 0.028650468566
0.042172566676 -0.004330771235 0.017906546549
-0.004330771235 0.077691129309 0.000228866733
0.017906546549 0.000228866733 0.028628622227
0.045396885661 -0.003375570971 0.018950110651
-0.003375570971 0.072586385065 0.001828131940
0.018950110651 0.001828131940 0.028881917234
0.048476523142 -0.002527898891 0.019952495221
-0.002527898891 0.068201954614 0.003346426422
0.019952495221 0.003346426422 0.029327953456
0.051173918282 -0.001794210274 0.020813210282
-0.001794210274 0.064476195160 0.004745708241
0.020813210282 0.004745708241 0.029891478181
0.053284698395 -0.001174716125 0.021442446583
-0.001174716125 0.061315354335 0.006007743344
0.021442446583 0.006007743344 0.030515913962
0.054643711888 -0.000665220054 0.021763243655
-0.000665220054 0.058623434168 0.007133425086
0.021763243655 0.007133425086 0.031173512069
0.055128952565 -0.000258471028 0.021712384257
-0.000258471028 0.056328272154 0.008143147982
0.021712384257 0.008143147982 0.031875824993
0.054667418360 0.000055135210 0.021241580333
0.000055135210 0.054405735746 0.009079162262
0.021241580333 0.009079162262 0.032686524587
0.053246504059 0.000287538683 0.020320430828
0.000287538683 0.052904606423 0.010010352760
0.020320430828 0.010010352760 0.033738072619
0.050933075762 0.000453598458 0.018942253791
0.000453598458 0.051973320230 0.011039048829
0.018942253791 0.011039048829 0.035251904859
0.047899105551 0.000572025746 0.017133001372
0.000572025746 0.051885508792 0.012307869504
0.017133001372 0.012307869504 0.037557715098
0.044446542642 0.000666132516 0.014961676128
0.000666132516 0.053053429004 0.014001877725
0.014961676128 0.014001877725 0.041100283318
