0.016958807673 0.063010226003 0.009505661063
0.063010226003 0.356683610413 0.044425723826
0.009505661063 0.044425723826 0.042268069182
0.016958653837 0.063009654424 0.009505574834
0.063009654424 0.356680374854 0.044425320829
0.009505574834 0.044425320829 0.042267685765
0.016958315958 0.063008399025 0.009505385439
0.063008399025 0.356673268346 0.044424435697
0.009505385439 0.044424435697 0.042266843653
0.016957585079 0.063005683394 0.009504975730
0.063005683394 0.356657895723 0.044422520998
0.009504975730 0.044422520998 0.042265022099
0.016956028123 0.062999898266 0.009504102843
0.062999898266 0.356625146863 0.044418442032
0.009504102843 0.044418442032 0.042261141944
0.016952762296 0.062987762886 0.009502271449
0.062987762886 0.356556448070 0.044409885340
0.009502271449 0.044409885340 0.042253003988
0.016946018937 0.062962702605 0.009498488001
0.062962702605 0.356414572452 0.044392213957
0.009498488001 0.044392213957 0.042236204590
0.016932319726 0.062911780518 0.009490793801
0.062911780518 0.356126247983 0.044356300555
0.009490793801 0.044356300555 0.042202093311
0.016904966692 0.062810057257 0.009475398281
0.062810057257 0.355550140451 0.044284537090
0.009475398281 0.044284537090 0.042134051928
0.016851392755 0.062610634051 0.009445116884
0.062610634051 0.354420151392 0.044143762758
0.009445116884 0.044143762758 0.042001051990
0.016748845659 0.062228205159 0.009386671245
0.062228205159 0.352251080138 0.043873478723
0.009386671245 0.043873478723 0.041747483899
0.016558353621 0.061515206805 0.009276330802
0.061515206805 0.348199321275 0.043368375016
0.009276330802 0.043368375016 0.041280156833
0.016219416165 0.060237397610 0.009073734608
0.060237397610 0.340910563042 0.042458958576
0.009073734608 0.042458958576 0.040461758896
0.015655967837 0.058081831014 0.008715555210
0.058081831014 0.328522393628 0.040910661437
0.008715555210 0.040910661437 0.039145949533
0.014823083069 0.054792613593 0.008115904939
0.054792613593 0.309319562438 0.038502215911
0.008115904939 0.038502215911 0.037347629933
0.013847320094 0.050611421104 0.007189782350
0.050611421104 0.283985023016 0.035299087174
0.007189782350 0.035299087174 0.035708139896
0.013277568894 0.047099484424 0.005918598568
0.047099484424 0.259923122820 0.032182500573
0.005918598568 0.032182500573 0.036277379579
0.014229151373 0.047683480583 0.004438104089
0.047683480583 0.254381186326 0.031239141959
0.004438104089 0.031239141959 0.042858007970
0.017902779671 0.056268884912 0.003042125414
0.056268884912 0.287801107117 0.034967443218
0.003042125414 0.034967443218 0.059235171250
0.024470498068 0.073769142052 0.002014195101
0.073769142052 0.366175686303 0.044137351558
0.002014195101 0.044137351558 0.085446653022
0.032610173209 0.096478397870 0.001436446102
0.096478397870 0.472143893645 0.056690014912
0.001436446102 0.056690014912 0.116476729759
0.040476048554 0.118893044928 0.001198336958
0.118893044928 0.578611208831 0.069366987271
0.001198336958 0.069366987271 0.145793923397
0.046870969849 0.137316664337 0.001141682552
0.137316664337 0.666906894622 0.079907498491
0.001141682552 0.079907498491 0.169342806449
0.051488797203 0.150700428033 0.001155430702
0.150700428033 0.731361251686 0.087613636741
0.001155430702 0.087613636741 0.186234219536
0.054532432112 0.159550589184 0.001184555077
0.159550589184 0.774102378967 0.092730942235
0.001184555077 0.092730942235 0.197327491177
0.056319530094 0.164753597769 0.001207246616
0.164753597769 0.799280304084 0.095755674529
0.001207246616 0.095755674529 0.203834000779
0.057067691818 0.166923335834 0.001214626809
0.166923335834 0.809823576966 0.097048315438
0.001214626809 0.097048315438 0.206572621732
0.056800765752 0.166105325345 0.001197329059
0.166105325345 0.805972063968 0.096669528241
0.001197329059 0.096669528241 0.205649437783
0.055305932411 0.161613032317 0.001130568426
0.161613032317 0.784495874878 0.094322363247
0.001130568426 0.094322363247 0.200299255862
0.052159993622 0.151995043995 0.000939247162
0.151995043995 0.738588785973 0.089432954766
0.000939247162 0.089432954766 0.188913179333
0.047000233813 0.135527065557 0.000407391062
0.135527065557 0.660306139175 0.081646594467
0.000407391062 0.081646594467 0.169756448977
0.040332004942 0.111996723937 -0.000991985607
0.111996723937 0.549117582076 0.072144080988
-0.000991985607 0.072144080988 0.143268729817
0.034612581801 0.085569189381 -0.004177567260
0.085569189381 0.425361948236 0.065217968596
-0.004177567260 0.065217968596 0.115445907429
0.033662719412 0.064807745919 -0.009915533199
0.064807745919 0.330021789580 0.067054096739
-0.009915533199 0.067054096739 0.097244491454
0.039041975969 0.055940812254 -0.017638071916
0.055940812254 0.293054757384 0.080121996945
-0.017638071916 0.080121996945 0.095801396064
0.047752101368 0.056756191028 -0.025274656466
0.056756191028 0.305340680612 0.100206848443
-0.025274656466 0.100206848443 0.107569906256
0.055160332773 0.060196702544 -0.030788617462
0.060196702544 0.335731083439 0.121194766806
-0.030788617462 0.121194766806 0.123812821164
0.058576123663 0.060942894249 -0.033368230972
0.060942894249 0.361294905946 0.140166092500
-0.033368230972 0.140166092500 0.138807342943
0.057664229861 0.057150524993 -0.033250982040
0.057150524993 0.374945328348 0.157576056428
-0.033250982040 0.157576056428 0.151394901414
0.053348262195 0.049139355202 -0.031123091066
0.049139355202 0.379042346997 0.175282848992
-0.031123091066 0.175282848992 0.162793788699
0.047061264140 0.038209095313 -0.027788022840
0.038209095313 0.379370231618 0.194973314689
-0.027788022840 0.194973314689 0.174608700162
0.040543148834 0.026214275885 -0.024083195017
0.026214275885 0.382270045825 0.217131110768
-0.024083195017 0.217131110768 0.187630586427
0.035805708411 0.015437557317 -0.020842224173
0.015437557317 0.393231213667 0.240242371395
-0.020842224173 0.240242371395 0.201005683770
0.034964606646 0.008311064908 -0.018787979869
0.008311064908 0.415943849182 0.260584620300
-0.018787979869 0.260584620300 0.211892763003
0.039868029988 0.006850952098 -0.018385029597
0.006850952098 0.452222101029 0.273408756435
-0.018385029597 0.273408756435 0.216281877167
0.051683151799 0.012057188715 -0.019775200774
0.012057188715 0.503267727959 0.275548325429
-0.019775200774 0.275548325429 0.211141030488
0.070667653068 0.023690680987 -0.022858399017
0.023690680987 0.571164281447 0.267723385986
-0.022858399017 0.267723385986 0.196539350028
0.096194436415 0.040553211437 -0.027423935536
0.040553211437 0.658642245720 0.254425986708
-0.027423935536 0.254425986708 0.175864726514
0.126925399656 0.060991563482 -0.033208864127
0.060991563482 0.766940259920 0.241457137817
-0.033208864127 0.241457137817 0.153970819384
0.161013085736 0.083289630844 -0.039879014820
0.083289630844 0.893635666621 0.233223817815
-0.039879014820 0.233223817815 0.134928694885
0.196255365160 0.105825001694 -0.046998486560
0.105825001694 1.031863878868 0.231437830078
-0.046998486560 0.231437830078 0.120843488065
0.230140272125 0.127012402743 -0.054014643953
0.127012402743 1.170511216130 0.235206101907
-0.054014643953 0.235206101907 0.111857678674
0.259795737474 0.145055952280 -0.060250892504
0.145055952280 1.294078304507 0.241677378754
-0.060250892504 0.241677378754 0.106721791774
0.282297512235 0.157527356762 -0.064979803468
0.157527356762 1.381861837462 0.246706440196
-0.064979803468 0.246706440196 0.103459785670
0.296847392719 0.160932947398 -0.067886381793
0.160932947398 1.409024878415 0.245888807668
-0.067886381793 0.245888807668 0.100205223691
0.310874556843 0.150797235432 -0.070366454755
0.150797235432 1.355484623432 0.237068625409
-0.070366454755 0.237068625409 0.096679472065
0.347515558379 0.123113974068 -0.077150473305
0.123113974068 1.224768849156 0.224190126388
-0.077150473305 0.224190126388 0.096021004094
0.441157114821 0.077304612969 -0.095451745462
0.077304612969 1.056673959483 0.218077140376
-0.095451745462 0.218077140376 0.104425795272
0.612126534041 0.018479724453 -0.129695537885
0.018479724453 0.908599154135 0.229377895181
-0.129695537885 0.229377895181 0.126492259648
0.844361690836 -0.044094987492 -0.176762867152
-0.044094987492 0.817080446824 0.259541298380
-0.176762867152 0.259541298380 0.160470401810
1.095257372364 -0.101497293311 -0.227930736910
-0.101497293311 0.782407529758 0.300632363607
-0.227930736910 0.300632363607 0.199365994988
1.323329634374 -0.148359407515 -0.274608419545
-0.148359407515 0.784280435853 0.342364980368
-0.274608419545 0.342364980368 0.235820833883
1.503763029241 -0.182944000019 -0.311612790069
-0.182944000019 0.801369877141 0.377416809352
-0.311612790069 0.377416809352 0.265164088585
1.627213538369 -0.205593699007 -0.336961806397
-0.205593699007 0.819407245384 0.402223975544
-0.336961806397 0.402223975544 0.285442436907
1.692541383132 -0.217258741297 -0.350385856371
-0.217258741297 0.830960322576 0.415611638260
-0.350385856371 0.415611638260 0.296236418835
1.700853166441 -0.218640690877 -0.352096886955
-0.218640690877 0.833067289016 0.417396002231
-0.352096886955 0.417396002231 0.297628370049
1.652538350938 -0.209834055233 -0.342174125558
-0.209834055233 0.825638800115 0.407635334649
-0.342174125558 0.407635334649 0.289676709361
1.546956583022 -0.190279506035 -0.320499512384
-0.190279506035 0.811344061345 0.386557237963
-0.320499512384 0.386557237963 0.272361464386
