0.003379475458 0.000565375587 -0.002714705788
0.000565375587 0.023253073136 -0.013444253399
-0.002714705788 -0.013444253399 0.029597786521
0.003396105711 0.000568711491 -0.002769628150
0.000568711491 0.023064002527 -0.013442829130
-0.002769628150 -0.013442829130 0.029882790782
0.003416920700 0.000578290725 -0.002852470084
0.000578290725 0.022863589904 -0.013481237755
-0.002852470084 -0.013481237755 0.030318927192
0.003442406849 0.000594164764 -0.002964145379
0.000594164764 0.022650379710 -0.013560119925
-0.002964145379 -0.013560119925 0.030911985530
0.003473113510 0.000616343458 -0.003105657118
0.000616343458 0.022421663496 -0.013679673705
-0.003105657118 -0.013679673705 0.031668122657
0.003509395695 0.000644733794 -0.003277792054
0.000644733794 0.022171991810 -0.013838611925
-0.003277792054 -0.013838611925 0.032591207689
0.003550724274 0.000678961536 -0.003480253304
0.000678961536 0.021889214222 -0.014031319737
-0.003480253304 -0.014031319737 0.033675508722
0.003593921724 0.000717849845 -0.003709256521
0.000717849845 0.021544463132 -0.014240330274
-0.003709256521 -0.014240330274 0.034886177512
0.003629215558 0.000757923049 -0.003951536411
0.000757923049 0.021069743678 -0.014417853763
-0.003951536411 -0.014417853763 0.036112403849
0.003633985081 0.000789190831 -0.004173118491
0.000789190831 0.020319221220 -0.014445427023
-0.004173118491 -0.014445427023 0.037080153389
0.003573280369 0.000783552405 -0.004314521756
0.000783552405 0.019041815753 -0.014059177640
-0.004314521756 -0.014059177640 0.037290024834
0.003445463510 0.000666919432 -0.004353950299
0.000666919432 0.016994045451 -0.012749833290
-0.004353950299 -0.012749833290 0.036339511471
0.003423058149 0.000280365419 -0.004518995343
0.000280365419 0.014385433528 -0.009768660693
-0.004518995343 -0.009768660693 0.035185005874
0.003946715207 -0.000585249128 -0.005348682997
-0.000585249128 0.012309108000 -0.004648081174
-0.005348682997 -0.004648081174 0.037102025541
0.005385038832 -0.001979069783 -0.006854083780
-0.001979069783 0.011987249965 0.001644476865
-0.006854083780 0.001644476865 0.044435188563
0.007565212403 -0.003637619532 -0.007546219521
-0.003637619532 0.013400688778 0.006415947145
-0.007546219521 0.006415947145 0.053750395479
0.010050514400 -0.005173017681 -0.005309754456
-0.005173017681 0.015789774854 0.006954981507
-0.005309754456 0.006954981507 0.058425432476
0.012698352812 -0.006250056697 0.000583260224
-0.006250056697 0.019344335208 0.002534197903
0.000583260224 0.002534197903 0.055604733780
0.015508065138 -0.006472329269 0.008093123821
-0.006472329269 0.025377491328 -0.004642072081
0.008093123821 -0.004642072081 0.048872285972
0.017992333211 -0.005446540044 0.013007467923
-0.005446540044 0.034173584553 -0.010210183527
0.013007467923 -0.010210183527 0.044796202454
0.019388426158 -0.003371350300 0.012466655056
-0.003371350300 0.043373411901 -0.010970699224
0.012466655056 -0.010970699224 0.046847282438
0.019676047550 -0.001126725010 0.007529684169
-0.001126725010 0.050340677048 -0.007419399116
0.007529684169 -0.007419399116 0.053852513017
0.019500537603 0.000565896498 0.001152891619
0.000565896498 0.054615897098 -0.002101858516
0.001152891619 -0.002101858516 0.062990355224
0.019351649599 0.001552893046 -0.004474844879
0.001552893046 0.057005848350 0.002882929094
-0.004474844879 0.002882929094 0.071803785663
0.019345350085 0.001971256119 -0.008363717376
0.001971256119 0.058182963753 0.006475019063
-0.008363717376 0.006475019063 0.078579605091
0.019433230937 0.001962979744 -0.010175154600
0.001962979744 0.058408240385 0.008261431048
-0.010175154600 0.008261431048 0.082313928664
0.019589333117 0.001575539516 -0.009793617157
0.001575539516 0.057743166183 0.008102350846
-0.009793617157 0.008102350846 0.082635216843
0.019903868070 0.000745515623 -0.007145380593
0.000745515623 0.056254587249 0.005958633997
-0.007145380593 0.005958633997 0.079792900264
0.020635651321 -0.000707451621 -0.002160612939
-0.000707451621 0.054139647034 0.001856269621
-0.002160612939 0.001856269621 0.074769558152
0.022237087971 -0.003081443748 0.005184056045
-0.003081443748 0.051791703495 -0.004072007878
0.005184056045 -0.004072007878 0.069446698294
