0.051107649861 -0.026775860228 0.019067546335
-0.026775860228 0.123104339422 -0.007550810918
0.019067546335 -0.007550810918 0.149343636709
0.051105451981 -0.026774708559 0.019066727179
-0.026774708559 0.123099042812 -0.007550486389
0.019066727179 -0.007550486389 0.149337213560
0.051098019263 -0.026770812399 0.019063964067
-0.026770812399 0.123081109724 -0.007549390525
0.019063964067 -0.007549390525 0.149315486582
0.051074081573 -0.026758248743 0.019055140552
-0.026758248743 0.123023129460 -0.007545878417
0.019055140552 -0.007545878417 0.149245455834
0.051001386172 -0.026719940872 0.019029080389
-0.026719940872 0.122844851413 -0.007535380771
0.019029080389 -0.007535380771 0.149032223552
0.050799410971 -0.026612117819 0.018963319975
-0.026612117819 0.122329654900 -0.007507733034
0.018963319975 -0.007507733034 0.148434737082
0.050335923325 -0.026352820340 0.018869171905
-0.026352820340 0.120977640915 -0.007457260159
0.018869171905 -0.007457260159 0.147020529794
0.049856558136 -0.025980552377 0.019269593227
-0.025980552377 0.118090470500 -0.007518834324
0.019269593227 -0.007518834324 0.145179774253
0.053285481429 -0.027005473771 0.024238675060
-0.027005473771 0.115314084842 -0.008868776080
0.024238675060 -0.008868776080 0.152396959427
0.083043839136 -0.038622601429 0.054344653080
-0.038622601429 0.130156589970 -0.017608830337
0.054344653080 -0.017608830337 0.224920767538
0.210602292151 -0.090692200975 0.172522315329
-0.090692200975 0.226291978254 -0.052588207236
0.172522315329 -0.052588207236 0.544049260093
0.527199761903 -0.221776350235 0.456996651452
-0.221776350235 0.491337974731 -0.137385781798
0.456996651452 -0.137385781798 1.342834269364
0.983140928831 -0.411594986182 0.861699987934
-0.411594986182 0.887922029718 -0.258367750770
0.861699987934 -0.258367750770 2.496967558786
1.397018385398 -0.584304661738 1.227139630677
-0.584304661738 1.253681148369 -0.367746987728
1.227139630677 -0.367746987728 3.546088823452
1.669067284364 -0.697950516996 1.466780956289
-0.697950516996 1.495792830060 -0.439504729933
1.466780956289 -0.439504729933 4.236137342193
1.805136448210 -0.754851722506 1.586439389004
-0.754851722506 1.617411149128 -0.475263933082
1.586439389004 -0.475263933082 4.581529316056
1.822312951863 -0.762336216564 1.600823667278
-0.762336216564 1.634223502733 -0.478874208586
1.600823667278 -0.478874208586 4.626552351309
1.697562372258 -0.712453154800 1.485648570066
-0.712453154800 1.533826366799 -0.439252897003
1.485648570066 -0.439252897003 4.320664527422
1.406910271451 -0.604358429609 1.197573001870
-0.604358429609 1.340510628973 -0.322848988863
1.197573001870 -0.322848988863 3.646175015247
1.144318921840 -0.547365538073 0.838617854073
-0.547365538073 1.368780038852 -0.097073107549
0.838617854073 -0.097073107549 3.227936947492
1.320082279963 -0.733500515610 0.719737636187
-0.733500515610 2.088292452422 0.190720993961
0.719737636187 0.190720993961 4.203436366662
1.826741385511 -1.068274243715 0.866749385143
-1.068274243715 3.155506538398 0.421854903004
0.866749385143 0.421854903004 6.067031505148
2.236050359452 -1.319100958771 1.033136752318
-1.319100958771 3.919747922587 0.550378165333
1.033136752318 0.550378165333 7.480322249733
2.449121808608 -1.446689145293 1.126991636376
-1.446689145293 4.302698942278 0.608435069672
1.126991636376 0.608435069672 8.202009286790
2.542233386487 -1.501986921359 1.169117134761
-1.501986921359 4.467762645005 0.632447750869
1.169117134761 0.632447750869 8.515232277404
2.580532475918 -1.524661491317 1.186616139952
-1.524661491317 4.535304287381 0.642114863294
1.186616139952 0.642114863294 8.643735996935
2.596069260826 -1.533848716004 1.193742052127
-1.533848716004 4.562648186104 0.646003407408
1.193742052127 0.646003407408 8.695813605766
2.602400677691 -1.537590804228 1.196650336377
-1.537590804228 4.573782102182 0.647582663655
1.196650336377 0.647582663655 8.717027315128
2.605011154754 -1.539133384466 1.197850172313
-1.539133384466 4.578371164612 0.648232901484
1.197850172313 0.648232901484 8.725772418012
2.606103189479 -1.539778636152 1.198352223719
-1.539778636152 4.580290635455 0.648504758904
1.198352223719 0.648504758904 8.729430490623
