0.006435164138 -0.015297220760 -0.002348858659
-0.015297220760 0.117471861190 0.029047716684
-0.002348858659 0.029047716684 0.011198783066
0.006205373568 -0.014702553190 -0.002246630512
-0.014702553190 0.113626492459 0.028278518815
-0.002246630512 0.028278518815 0.011068867832
0.005957896541 -0.014053217116 -0.002133161560
-0.014053217116 0.109549354580 0.027499373161
-0.002133161560 0.027499373161 0.010978562221
0.005694820187 -0.013351861024 -0.002008337002
-0.013351861024 0.105295234730 0.026732503643
-0.002008337002 0.026732503643 0.010944392992
0.005418968570 -0.012602827275 -0.001872289077
-0.012602827275 0.100932790321 0.026003781148
-0.001872289077 0.026003781148 0.010984492180
0.005133841169 -0.011812131512 -0.001725422221
-0.011812131512 0.096542519621 0.025341750425
-0.001725422221 0.025341750425 0.011117789618
0.004843491026 -0.010987323008 -0.001568425446
-0.010987323008 0.092213455081 0.024776249694
-0.001568425446 0.024776249694 0.011362964568
0.004552347263 -0.010137225382 -0.001402269197
-0.010137225382 0.088038750069 0.024336709300
-0.001402269197 0.024336709300 0.011737230208
0.004264994924 -0.009271572325 -0.001228185275
-0.009271572325 0.084110512361 0.024050277472
-0.001228185275 0.024050277472 0.012255063709
0.003985932233 -0.008400567602 -0.001047630179
-0.008400567602 0.080514384050 0.023939965946
-0.001047630179 0.023939965946 0.012927019722
0.003719329651 -0.007534409679 -0.000862234068
-0.007534409679 0.077324440572 0.024023023312
-0.000862234068 0.024023023312 0.013758768151
0.003468815535 -0.006682826350 -0.000673739263
-0.006682826350 0.074598958375 0.024309722579
-0.000673739263 0.024309722579 0.014750474557
0.003237309351 -0.005854662713 -0.000483933498
-0.005854662713 0.072377480488 0.024802693363
-0.000483933498 0.024802693363 0.015896595710
0.003026916218 -0.005057557226 -0.000294583706
-0.005057557226 0.070679414250 0.025496848432
-0.000294583706 0.025496848432 0.017186101950
0.002838887433 -0.004297727445 -0.000107376106
-0.004297727445 0.069504164553 0.026379864408
-0.000107376106 0.026379864408 0.018603073226
0.002673642524 -0.003579872257 0.000076132340
-0.003579872257 0.068832581219 0.027433092711
0.000076132340 0.027433092711 0.020127557571
0.002530840938 -0.002907183984 0.000254546896
-0.002907183984 0.068629311000 0.028632708630
0.000254546896 0.028632708630 0.021736534617
0.002409486871 -0.002281453862 0.000426649079
-0.002281453862 0.068845497597 0.029950851199
0.000426649079 0.029950851199 0.023404788126
0.002308049546 -0.001703249606 0.000591388362
-0.001703249606 0.069421131791 0.031356443259
0.000591388362 0.031356443259 0.025105441109
0.002224584410 -0.001172144897 0.000747846607
-0.001172144897 0.070286127329 0.032815260877
0.000747846607 0.032815260877 0.026809801671
0.002156851302 -0.000686988377 0.000895166196
-0.000686988377 0.071358717870 0.034288553900
0.000895166196 0.034288553900 0.028485928066
0.002102455630 -0.000246213423 0.001032427776
-0.000246213423 0.072538781235 0.035728967279
0.001032427776 0.035728967279 0.030094825430
0.002059126347 0.000151806027 0.001158473348
0.000151806027 0.073691955996 0.037071547689
0.001158473348 0.037071547689 0.031582321108
0.002025507973 0.000508445608 0.001271775350
0.000508445608 0.074618225942 0.038216450639
0.001271775350 0.038216450639 0.032863626363
0.002003621327 0.000825256193 0.001370974377
0.000825256193 0.074998789806 0.039000340966
0.001370974377 0.039000340966 0.033798003642
0.002006278755 0.001108276814 0.001458696815
0.001108276814 0.074328049241 0.039162069471
0.001458696815 0.039162069471 0.034159021766
0.002077547349 0.001386983229 0.001557130051
0.001386983229 0.071890356373 0.038342116730
0.001557130051 0.038342116730 0.033637558288
0.002340240023 0.001773430688 0.001754774056
0.001773430688 0.066965583441 0.036234054245
0.001754774056 0.036234054245 0.031988103347
0.003072271447 0.002586373976 0.002301709693
0.002586373976 0.059551510354 0.033064761562
0.002301709693 0.033064761562 0.029481725564
0.004735429210 0.004460043816 0.003688770387
0.004460043816 0.051478376947 0.030282856311
0.003688770387 0.030282856311 0.027543028094
0.007769932070 0.008130359713 0.006476591675
0.008130359713 0.046471569437 0.030446159063
0.006476591675 0.030446159063 0.028606169951
0.012152126441 0.013744573856 0.010767916184
0.013744573856 0.047624523200 0.035341839336
0.010767916184 0.035341839336 0.034290295465
0.017229062091 0.020409947771 0.015875951645
0.020409947771 0.054482042352 0.044049673372
0.015875951645 0.044049673372 0.043570397006
0.022168111130 0.026720714194 0.020737636137
0.026720714194 0.063590841106 0.053614362654
0.020737636137 0.053614362654 0.053487992305
0.026504696258 0.031632406624 0.024578442819
0.031632406624 0.071377887421 0.061260452121
0.024578442819 0.061260452121 0.061318288930
0.030292602447 0.034786999847 0.027154338475
0.034786999847 0.075822043181 0.065547660275
0.027154338475 0.065547660275 0.065672136262
0.033990652269 0.036353726607 0.028630128049
0.036353726607 0.076371299572 0.066200386958
0.028630128049 0.066200386958 0.066304982537
0.038362690167 0.036818352794 0.029423419043
0.036818352794 0.073354616787 0.063613983480
0.029423419043 0.063613983480 0.063623064400
0.044464670601 0.036903660744 0.030148658788
0.036903660744 0.067628524883 0.058586627896
0.030148658788 0.058586627896 0.058420041799
0.053630693650 0.037572723131 0.031618326340
0.037572723131 0.060496501121 0.052278135674
0.031618326340 0.052278135674 0.051840561017
0.067291498666 0.039972384823 0.034784488000
0.039972384823 0.053662363806 0.046186932305
0.034784488000 0.046186932305 0.045363475885
0.086473288431 0.045166862309 0.040499790313
0.045166862309 0.048943654871 0.041910801301
0.040499790313 0.041910801301 0.040573222758
0.111053693040 0.053648990834 0.049096734466
0.053648990834 0.047653247951 0.040612985447
0.049096734466 0.040612985447 0.038640384806
0.139275279340 0.064915698918 0.060037818386
0.064915698918 0.049970797314 0.042473047221
0.060037818386 0.042473047221 0.039782795809
0.168128365570 0.077542084714 0.072005440514
0.077542084714 0.054873289534 0.046619535348
0.072005440514 0.046619535348 0.043192880401
0.194533300880 0.089812123139 0.083466580793
0.089812123139 0.060770485389 0.051676808881
0.083466580793 0.051676808881 0.047563062063
0.216439479673 0.100410520583 0.093273294038
0.100410520583 0.066298664748 0.056455209374
0.093273294038 0.056455209374 0.051753802422
0.233117046570 0.108689011081 0.100880432566
0.108689011081 0.070690016767 0.060276936639
0.100880432566 0.060276936639 0.055111862929
0.244754277294 0.114503235337 0.106187325923
0.114503235337 0.073676451131 0.062897541659
0.106187325923 0.062897541659 0.057399031509
0.251906560611 0.117909152927 0.109261741848
0.117909152927 0.075224047433 0.064277753953
0.109261741848 0.064277753953 0.058576467299
0.255173807028 0.118937680268 0.110138211978
0.118937680268 0.075325278161 0.064402854498
0.110138211978 0.064402854498 0.058634099089
0.255194744502 0.117503451496 0.108738445679
0.117503451496 0.073905840270 0.063199786746
0.108738445679 0.063199786746 0.057512953316
0.252913023614 0.113425149014 0.104893473089
0.113425149014 0.070823239048 0.060532683204
0.104893473089 0.060532683204 0.055101530299
0.250036146942 0.106530099034 0.098444977479
0.106530099034 0.065932739758 0.056255731230
0.098444977479 0.056255731230 0.051285290890
0.249529348917 0.096822301359 0.089411318822
0.096822301359 0.059213269902 0.050317156410
0.089411318822 0.050317156410 0.046041664216
0.255773221777 0.084665429475 0.078180382533
0.084665429475 0.050942120204 0.042905893259
0.078180382533 0.042905893259 0.039570152742
0.273761970490 0.070861336843 0.065623879801
0.070861336843 0.041863332877 0.034596244852
0.065623879801 0.034596244852 0.032413731971
0.306885851223 0.056457413467 0.052969041102
0.056457413467 0.033224751761 0.026386618219
0.052969041102 0.026386618219 0.025476978578
0.354007565045 0.042244645026 0.041351693279
0.042244645026 0.026546226622 0.019515727447
0.041351693279 0.019515727447 0.019843443187
0.408173318389 0.028249007890 0.031273485253
0.028249007890 0.023134377183 0.015065355314
0.031273485253 0.015065355314 0.016416731294
0.459037836931 0.013707422538 0.022411589035
0.013707422538 0.023612445149 0.013570791715
0.022411589035 0.013570791715 0.015594361785
0.497832502741 -0.002365639513 0.013973613067
-0.002365639513 0.027787148899 0.014907379126
0.013973613067 0.014907379126 0.017202455351
0.521028858573 -0.020512482559 0.005264143412
-0.020512482559 0.034897057286 0.018491905622
0.005264143412 0.018491905622 0.020698678471
0.530383855704 -0.040583903942 -0.003994077878
-0.040583903942 0.043997383354 0.023596264868
-0.003994077878 0.023596264868 0.025449132919
0.530497520128 -0.061932401340 -0.013691558282
-0.061932401340 0.054237370879 0.029571901642
-0.013691558282 0.029571901642 0.030909567315
0.526243683950 -0.083747432800 -0.023527721715
-0.083747432800 0.064966720173 0.035933491778
-0.023527721715 0.035933491778 0.036681697298
0.521333716667 -0.105298441543 -0.033183202195
-0.105298441543 0.075730481132 0.042351782098
-0.033183202195 0.042351782098 0.042497214455
0.517979777395 -0.126035389445 -0.042406542599
-0.126035389445 0.086224407045 0.048615109236
-0.042406542599 0.048615109236 0.048181673293
0.517147017920 -0.145594170691 -0.051034091712
-0.145594170691 0.096250209666 0.054591797879
-0.051034091712 0.054591797879 0.053623135949
0.518970421782 -0.163762522189 -0.058977960128
-0.163762522189 0.105682546491 0.060202861725
-0.058977960128 0.060202861725 0.058750982734
0.523124996436 -0.180439298623 -0.066205452246
-0.180439298623 0.114447123080 0.065404301811
-0.066205452246 0.065404301811 0.063522827714
0.529087286626 -0.195599942726 -0.072720338425
-0.195599942726 0.122506296717 0.070175909894
-0.072720338425 0.070175909894 0.067916395607
0.536294922900 -0.209270582346 -0.078548760750
-0.209270582346 0.129849116136 0.074513953566
-0.078548760750 0.074513953566 0.071924101294
0.544231286385 -0.221509471322 -0.083729486138
-0.221509471322 0.136483922558 0.078426095693
-0.083729486138 0.078426095693 0.075549074017
0.552461978521 -0.232393846773 -0.088307429285
-0.232393846773 0.142432545480 0.081927652120
-0.088307429285 0.081927652120 0.078802027769
0.560643263097 -0.242010618524 -0.092329432731
-0.242010618524 0.147725642512 0.085038734400
-0.092329432731 0.085038734400 0.081698723489
0.568515913752 -0.250449780286 -0.095841557473
-0.250449780286 0.152398970554 0.087782047014
-0.095841557473 0.087782047014 0.084257916604
0.575892690835 -0.257799792305 -0.098887379656
-0.257799792305 0.156490461751 0.090181206708
-0.098887379656 0.090181206708 0.086499732044
0.582644113358 -0.264144415757 -0.101506960341
-0.264144415757 0.160037997125 0.092259490037
-0.101506960341 0.092259490037 0.088444416482
0.588684938730 -0.269560620404 -0.103736266320
-0.269560620404 0.163077769841 0.094038929767
-0.103736266320 0.094038929767 0.090111413742
0.593962420595 -0.274117277360 -0.105606890351
-0.274117277360 0.165643128828 0.095539688499
-0.105606890351 0.095539688499 0.091518706114
0.598446664712 -0.277874412052 -0.107145964635
-0.277874412052 0.167763798182 0.096779645180
-0.107145964635 0.096779645180 0.092682365387
0.602123018244 -0.280882841159 -0.108376191973
-0.280882841159 0.169465378187 0.097774138594
-0.108376191973 0.097774138594 0.093616262147
