0.020618846530 -0.009221552044 0.005841282532
-0.009221552044 0.070536533724 0.018328020330
0.005841282532 0.018328020330 0.029133469341
0.020611708096 -0.009218069412 0.005837770092
-0.009218069412 0.070509513925 0.018318934281
0.005837770092 0.018318934281 0.029123695788
0.020603464050 -0.009214015327 0.005833548938
-0.009214015327 0.070478021953 0.018308138044
0.005833548938 0.018308138044 0.029112443057
0.020593981640 -0.009209307265 0.005828462515
-0.009209307265 0.070441396172 0.018295294844
0.005828462515 0.018295294844 0.029099548537
0.020583115951 -0.009203848994 0.005822308344
-0.009203848994 0.070398859246 0.018279978969
0.005822308344 0.018279978969 0.029084841348
0.020570714420 -0.009197529317 0.005814822478
-0.009197529317 0.070349504216 0.018261648835
0.005814822478 0.018261648835 0.029068152245
0.020556625605 -0.009190221291 0.005805657792
-0.009190221291 0.070292282321 0.018239610288
0.005805657792 0.018239610288 0.029049331094
0.020540714889 -0.009181782424 0.005794353395
-0.009181782424 0.070225995592 0.018212966125
0.005794353395 0.018212966125 0.029028276408
0.020522891312 -0.009172056729 0.005780291106
-0.009172056729 0.070149299450 0.018180545908
0.005780291106 0.018180545908 0.029004983993
0.020503152150 -0.009160880033 0.005762632885
-0.009160880033 0.070060724070 0.018140807307
0.005762632885 0.018140807307 0.028979625719
0.020481655662 -0.009148090847 0.005740230045
-0.009148090847 0.069958728953 0.018091695916
0.005740230045 0.018091695916 0.028952675703
0.020458838438 -0.009133550549 0.005711490185
-0.009133550549 0.069841814409 0.018030443843
0.005711490185 0.018030443843 0.028925111073
0.020435603317 -0.009117178970 0.005674180318
-0.009117178970 0.069708728592 0.017953277238
0.005674180318 0.017953277238 0.028898730129
0.020413619045 -0.009099015367 0.005625132862
-0.009099015367 0.069558833124 0.017854987350
0.005625132862 0.017854987350 0.028876655775
0.020395797249 -0.009079321374 0.005559802399
-0.009079321374 0.069392730508 0.017728295730
0.005559802399 0.017728295730 0.028864132427
0.020387051837 -0.009058754187 0.005471590963
-0.009058754187 0.069213323805 0.017562907823
0.005471590963 0.017562907823 0.028869790614
0.020395510950 -0.009038660068 0.005350809653
-0.009038660068 0.069027594905 0.017344094940
0.005350809653 0.017344094940 0.028907664087
0.020434461122 -0.009021581964 0.005183058819
-0.009021581964 0.068849595195 0.017050566704
0.005183058819 0.017050566704 0.029000435983
0.020525494146 -0.009012169186 0.004946654190
-0.009012169186 0.068705533926 0.016651293004
0.004946654190 0.016651293004 0.029184739736
0.020703675792 -0.009018892733 0.004608427446
-0.009018892733 0.068642633900 0.016100821759
0.004608427446 0.016100821759 0.029520015201
0.021026228265 -0.009057483831 0.004116612442
-0.009057483831 0.068745087371 0.015332585627
0.004116612442 0.015332585627 0.030103807201
0.021587586372 -0.009158259132 0.003388183284
-0.009158259132 0.069164124597 0.014249908477
0.003388183284 0.014249908477 0.031099389650
0.022546573900 -0.009382493551 0.002284995424
-0.009382493551 0.070177501864 0.012715465123
0.002284995424 0.012715465123 0.032788247091
0.024177591374 -0.009859997878 0.000566347380
-0.009859997878 0.072312230301 0.010543111520
0.000566347380 0.010543111520 0.035674652176
0.026970411461 -0.010875473155 -0.002208861408
-0.010875473155 0.076603929291 0.007503955590
-0.002208861408 0.007503955590 0.040700851197
0.031827370317 -0.013062017408 -0.006885539384
-0.013062017408 0.085143418490 0.003375778394
-0.006885539384 0.003375778394 0.049692257323
0.040445264213 -0.017811787712 -0.015123176767
-0.017811787712 0.102187479083 -0.001903941997
-0.015123176767 -0.001903941997 0.066251388678
0.056007073490 -0.028071144316 -0.030165312222
-0.028071144316 0.136243519178 -0.007880861763
-0.030165312222 -0.007880861763 0.097422896903
0.084274122673 -0.049666382501 -0.058090814734
-0.049666382501 0.203458633673 -0.012912428385
-0.058090814734 -0.012912428385 0.156385806841
0.134891838126 -0.092995180922 -0.109365605745
-0.092995180922 0.331818417830 -0.013203463810
-0.109365605745 -0.013203463810 0.265768423885
0.222022658454 -0.174076810564 -0.199712378480
-0.174076810564 0.563504199679 -0.001984381110
-0.199712378480 -0.001984381110 0.459462099379
0.362579396874 -0.312873238421 -0.348313790360
-0.312873238421 0.950075858720 0.030133607849
-0.348313790360 0.030133607849 0.778681085209
0.570674563998 -0.527048043549 -0.571669658418
-0.527048043549 1.535991492947 0.092562278852
-0.571669658418 0.092562278852 1.258713182548
0.849803818807 -0.822687224020 -0.874686765650
-0.822687224020 2.334726641961 0.190339293747
-0.874686765650 0.190339293747 1.909817788797
1.187929504696 -1.187992992739 -1.244827147112
-1.187992992739 3.313107114012 0.320650517768
-1.244827147112 0.320650517768 2.704786322650
1.559980706833 -1.595536699032 -1.654592141332
-1.595536699032 4.397948655328 0.473137840602
-1.654592141332 0.473137840602 3.584409040316
1.936442293730 -2.011902846623 -2.071048101239
-2.011902846623 5.501503255121 0.633857841408
-2.071048101239 0.633857841408 4.477974434875
2.292149628220 -2.407972602167 -2.465797308161
-2.407972602167 6.548074505926 0.789951715686
-2.465797308161 0.789951715686 5.324629648059
2.610792282192 -2.764438319991 -2.820215034373
-2.764438319991 7.487988787793 0.932412903090
-2.820215034373 0.932412903090 6.084543705636
2.884865152476 -3.072031427769 -3.125541417725
-3.072031427769 8.297843434426 1.056497077183
-3.125541417725 1.056497077183 6.739045570442
3.113236537892 -3.328883182285 -3.380226276538
-3.328883182285 8.973435860674 1.160748435813
-3.380226276538 1.160748435813 7.284900370164
3.298384617327 -3.537399890910 -3.586845950041
-3.537399890910 9.521555262638 1.245702423675
-3.586845950041 1.245702423675 7.727691619495
3.444289002495 -3.701834465239 -3.749727459200
-3.701834465239 9.953659167055 1.312828925317
-3.749727459200 1.312828925317 8.076731960105
3.555141039755 -3.826778047869 -3.873483148097
-3.826778047869 10.281973952426 1.363851103853
-3.873483148097 1.363851103853 8.341929404181
3.634687578557 -3.916377053074 -3.962257037694
-3.916377053074 10.517489270456 1.400375226824
-3.962257037694 1.400375226824 8.532178855529
3.685969634746 -3.974008108025 -4.019417900689
-3.974008108025 10.669140855538 1.423722900711
-4.019417900689 1.423722900711 8.654709630512
3.711273614966 -4.002202299449 -4.047494291580
-4.002202299449 10.743636896939 1.434876535874
-4.047494291580 1.434876535874 8.714950129306
3.712182752926 -4.002688383279 -4.048224385023
-4.002688383279 10.745589801812 1.434480376946
-4.048224385023 1.434480376946 8.716637604178
3.689669107129 -3.976484655224 -4.022652532859
-3.976484655224 10.677772294770 1.422864823540
-4.022652532859 1.422864823540 8.662027587112
3.644199061836 -3.924006769705 -3.971241223032
-3.924006769705 10.541414588527 1.400078150613
-3.971241223032 1.400078150613 8.552136262833
3.575842686318 -3.845179224395 -3.893986951825
-3.845179224395 10.336512081666 1.365919020948
-3.893986951825 1.365919020948 8.386991453938
3.484384333472 -3.739547007880 -3.790536782716
-3.739547007880 10.062135059081 1.319967784812
-3.790536782716 1.319967784812 8.165885504498
3.369431290690 -3.606384488858 -3.660302255932
-3.606384488858 9.716731907776 1.261616389718
-3.660302255932 1.261616389718 7.887623288584
3.230510644171 -3.444793012976 -3.502560314002
-3.444793012976 9.298400416705 1.190097676278
-3.502560314002 1.190097676278 7.550745344128
3.067134798456 -3.253769621592 -3.316518404223
-3.253769621592 8.805076326938 1.104518682721
-3.316518404223 1.104518682721 7.153689210505
2.878814855889 -3.032223735958 -3.101305688305
-3.032223735958 8.234582266440 1.003919510404
-3.101305688305 1.003919510404 6.694865477664
2.665046006409 -2.778929970273 -2.855834653871
-2.778929970273 7.584572897569 0.887436662699
-2.855834653871 0.887436662699 6.172778413601
2.425485411701 -2.492443726187 -2.578428196374
-2.492443726187 6.852792246687 0.754814998304
-2.578428196374 0.754814998304 5.586922786357
2.161136789382 -2.171027877181 -2.265880697164
-2.171027877181 6.039086637308 0.607925225037
-2.265880697164 0.607925225037 4.941970210958
1.878731344527 -1.812422015603 -1.910822160006
-1.812422015603 5.152668839949 0.454769275352
-1.910822160006 0.454769275352 4.261875383134
1.602445052883 -1.412407777433 -1.494540703131
-1.412407777433 4.230336185992 0.318333076955
-1.494540703131 0.318333076955 3.626336313444
1.395791940647 -0.959997716740 -0.972011053046
-0.959997716740 3.367710407717 0.250792754991
-0.972011053046 0.250792754991 3.237741323837
1.381192186538 -0.429968047139 -0.256316720415
-0.429968047139 2.742961576298 0.342488334463
-0.256316720415 0.342488334463 3.479041345548
1.714622835937 0.214205794412 0.763310387330
0.214205794412 2.576411854513 0.697196136704
0.763310387330 0.697196136704 4.830212311206
2.485028278622 0.989429006532 2.138200141984
0.989429006532 2.996261849107 1.360057928966
2.138200141984 1.360057928966 7.551594594502
3.616689694204 1.854745183421 3.774244634412
1.854745183421 3.919336752000 2.258431367326
3.774244634412 2.258431367326 11.382604644849
4.900852070156 2.719391233006 5.461393994754
2.719391233006 5.096804527225 3.235643592410
5.461393994754 3.235643592410 15.650068312869
6.126343531707 3.495148085082 6.997360981102
3.495148085082 6.274414165378 4.144738348717
6.997360981102 4.144738348717 19.684134037953
7.169317487726 4.134979598420 8.272524232824
4.134979598420 7.298485518342 4.905773717424
8.272524232824 4.905773717424 23.099006382369
7.995470082779 4.633355909684 9.268620743323
4.633355909684 8.118507052840 5.501908681065
9.268620743323 5.501908681065 25.795131795129
8.622438786691 5.007992557116 10.018306896993
5.007992557116 8.744481095757 5.950816519347
10.018306896993 5.950816519347 27.836916513892
9.086232668627 5.283550938660 10.569990646601
5.283550938660 9.209107864151 6.281067978157
10.569990646601 6.281067978157 29.345170263532
9.423132341839 5.482999585038 10.969362764298
5.482999585038 9.547310134534 6.520017968680
10.969362764298 6.520017968680 30.439695915832
9.662936159275 5.624634132186 11.252977933429
5.624634132186 9.788358305694 6.689620767793
11.252977933429 6.689620767793 31.218242810841
9.827786387753 5.721847038807 11.447637989490
5.721847038807 9.954206992246 6.805976999406
11.447637989490 6.805976999406 31.753189162649
9.933022459414 5.783839420747 11.571768161313
5.783839420747 10.060141615590 6.880148814683
11.571768161313 6.880148814683 32.094569612815
9.988426562999 5.816449774364 11.637062386730
5.816449774364 10.115938249394 6.919151664581
11.637062386730 6.919151664581 32.274247972086
9.999253236609 5.822803083498 11.649779483070
5.822803083498 10.126858675112 6.926736658776
11.649779483070 6.926736658776 32.309321177560
9.966873430693 5.803707206403 11.611535855596
5.803707206403 10.094282348641 6.903867984384
11.611535855596 6.903867984384 32.204234860612
9.889018347874 5.757798446347 11.519595955786
5.757798446347 10.015949735054 6.848895570302
11.519595955786 6.848895570302 31.951575755410
9.759652567391 5.681455725715 11.366698202589
5.681455725715 9.885844446590 6.757444457076
11.366698202589 6.757444457076 31.531637995955
9.568529614581 5.568510313543 11.140469129704
5.568510313543 9.693771484894 6.622049327291
11.140469129704 6.622049327292 30.910926477688
9.300548202299 5.409808751902 10.822539151562
5.409808751902 9.424761375569 6.431595339110
10.822539151562 6.431595339110 30.039957508497
