0.001217582812 -0.000092137637 -0.000087646848
-0.000092137637 0.001059901889 0.000019011393
-0.000087646848 0.000019011393 0.001078655297
0.001217582811 -0.000092137637 -0.000087646848
-0.000092137637 0.001059901888 0.000019011393
-0.000087646848 0.000019011393 0.001078655296
0.001217582809 -0.000092137636 -0.000087646848
-0.000092137636 0.001059901887 0.000019011393
-0.000087646848 0.000019011393 0.001078655294
0.001217582807 -0.000092137636 -0.000087646848
-0.000092137636 0.001059901885 0.000019011393
-0.000087646848 0.000019011393 0.001078655292
0.001217582803 -0.000092137636 -0.000087646847
-0.000092137636 0.001059901882 0.000019011393
-0.000087646847 0.000019011393 0.001078655289
0.001217582798 -0.000092137636 -0.000087646847
-0.000092137636 0.001059901877 0.000019011393
-0.000087646847 0.000019011393 0.001078655284
0.001217582790 -0.000092137635 -0.000087646846
-0.000092137635 0.001059901870 0.000019011392
-0.000087646846 0.000019011392 0.001078655277
0.001217582777 -0.000092137634 -0.000087646845
-0.000092137634 0.001059901859 0.000019011392
-0.000087646845 0.000019011392 0.001078655266
0.001217582756 -0.000092137632 -0.000087646844
-0.000092137632 0.001059901841 0.000019011392
-0.000087646844 0.000019011392 0.001078655248
0.001217582713 -0.000092137629 -0.000087646841
-0.000092137629 0.001059901803 0.000019011391
-0.000087646841 0.000019011391 0.001078655209
0.001217582580 -0.000092137619 -0.000087646831
-0.000092137619 0.001059901687 0.000019011389
-0.000087646831 0.000019011389 0.001078655091
0.001217582021 -0.000092137577 -0.000087646791
-0.000092137577 0.001059901201 0.000019011380
-0.000087646791 0.000019011380 0.001078654596
0.001217579406 -0.000092137379 -0.000087646603
-0.000092137379 0.001059898924 0.000019011340
-0.000087646603 0.000019011340 0.001078652279
0.001217567317 -0.000092136464 -0.000087645732
-0.000092136464 0.001059888401 0.000019011151
-0.000087645732 0.000019011151 0.001078641570
0.001217514590 -0.000092132474 -0.000087641937
-0.000092132474 0.001059842503 0.000019010327
-0.000087641937 0.000019010327 0.001078594860
0.001217300531 -0.000092116281 -0.000087626521
-0.000092116281 0.001059656175 0.000019006976
-0.000087626521 0.000019006976 0.001078405234
0.001216495762 -0.000092055452 -0.000087568495
-0.000092055452 0.001058955768 0.000018994281
-0.000087568495 0.000018994281 0.001077692422
0.001213703286 -0.000091845031 -0.000087366277
-0.000091845031 0.001056526733 0.000018949046
-0.000087366277 0.000018949046 0.001075220243
0.001204813197 -0.000091181919 -0.000086713346
-0.000091181919 0.001048807418 0.000018792625
-0.000086713346 0.000018792625 0.001067362559
0.001179227965 -0.000089333359 -0.000084753501
-0.000089333359 0.001026712746 0.000018232935
-0.000084753501 0.000018232935 0.001044860702
0.001115050586 -0.000085131672 -0.000079250303
-0.000085131672 0.000972171888 0.000016032602
-0.000079250303 0.000016032602 0.000989233269
0.000985850387 -0.000079171794 -0.000064799932
-0.000079171794 0.000867429626 0.000007029974
-0.000064799932 0.000007029974 0.000881929151
0.000810346760 -0.000081752869 -0.000030765375
-0.000081752869 0.000746760499 -0.000024738112
-0.000030765375 -0.000024738112 0.000756180369
0.000710894428 -0.000116693286 0.000033689615
-0.000116693286 0.000746143957 -0.000104005579
0.000033689615 -0.000104005579 0.000747669524
0.000799263223 -0.000193199886 0.000121529840
-0.000193199886 0.000964391209 -0.000230397824
0.000121529840 -0.000230397824 0.000956817120
0.001012586045 -0.000283784001 0.000206611302
-0.000283784001 0.001300765837 -0.000363297310
0.000206611302 -0.000363297310 0.001285324191
0.001224260303 -0.000358354057 0.000270373432
-0.000358354057 0.001603543772 -0.000467144607
0.000270373432 -0.000467144607 0.001582589932
0.001378069864 -0.000408629788 0.000311431246
-0.000408629788 0.001815640658 -0.000535449814
0.000311431246 -0.000535449814 0.001791268442
0.001473173963 -0.000438688783 0.000335437626
-0.000438688783 0.001944716651 -0.000575808902
0.000335437626 -0.000575808902 0.001918395028
0.001519541145 -0.000453192422 0.000346983954
-0.000453192422 0.002007431235 -0.000595248672
0.000346983954 -0.000595248672 0.001980261410
0.001515586936 -0.000452216794 0.000346712915
-0.000452216794 0.002003320115 -0.000594381249
0.000346712915 -0.000594381249 0.001976799417
0.001438662239 -0.000428814660 0.000330881557
-0.000428814660 0.001905385359 -0.000565444747
0.000330881557 -0.000565444747 0.001884317461
0.001259159407 -0.000372059907 0.000298881019
-0.000372059907 0.001687887798 -0.000500783199
0.000298881019 -0.000500783199 0.001693191120
0.001044961152 -0.000294353818 0.000288304957
-0.000294353818 0.001488718107 -0.000440923102
0.000288304957 -0.000440923102 0.001596827001
0.001081146547 -0.000268232905 0.000399425663
-0.000268232905 0.001761125760 -0.000519633081
0.000399425663 -0.000519633081 0.002133641226
0.001495602175 -0.000337940148 0.000644310907
-0.000337940148 0.002636114870 -0.000775793156
0.000644310907 -0.000775793156 0.003388128856
0.001942672708 -0.000427793271 0.000866478591
-0.000427793271 0.003486771186 -0.001024109372
0.000866478591 -0.001024109372 0.004540388651
0.002158597702 -0.000471063268 0.000970656513
-0.000471063268 0.003886332507 -0.001137055744
0.000970656513 -0.001137055744 0.005078909266
0.002147802647 -0.000462568602 0.000972735946
-0.000462568602 0.003868775860 -0.001120665250
0.000972735946 -0.001120665250 0.005076959110
0.001984341525 -0.000413184186 0.000914412041
-0.000413184186 0.003575712889 -0.001007659743
0.000914412041 -0.001007659743 0.004739969608
0.001753089818 -0.000333974043 0.000846719812
-0.000333974043 0.003167511873 -0.000827570474
0.000846719812 -0.000827570474 0.004306304052
0.001589389326 -0.000249395502 0.000854210667
-0.000249395502 0.002911090750 -0.000635923164
0.000854210667 -0.000635923164 0.004156980796
0.001655004837 -0.000212261137 0.001040849693
-0.000212261137 0.003158212118 -0.000535637694
0.001040849693 -0.000535637694 0.004736796014
0.001970849468 -0.000286695277 0.001434993306
-0.000286695277 0.004043131418 -0.000626844506
0.001434993306 -0.000626844506 0.006097210946
0.002354904674 -0.000502487615 0.001948545970
-0.000502487615 0.005311824859 -0.000928064594
0.001948545970 -0.000928064594 0.007741549141
0.002648073962 -0.000846472530 0.002499018757
-0.000846472530 0.006676255138 -0.001397733837
0.002499018757 -0.001397733837 0.009248961910
0.002856389021 -0.001295502031 0.003094299721
-0.001295502031 0.008089454032 -0.002008072141
0.003094299721 -0.002008072141 0.010657020672
0.003064593501 -0.001835030290 0.003789172871
-0.001835030290 0.009614059658 -0.002765752980
0.003789172871 -0.002765752980 0.012215319196
0.003344444250 -0.002458231948 0.004637235170
-0.002458231948 0.011240685538 -0.003705839922
0.004637235170 -0.003705839922 0.014131423057
0.003743836226 -0.003172373282 0.005701326730
-0.003172373282 0.012840963794 -0.004912138952
0.005701326730 -0.004912138952 0.016563875849
0.004327255360 -0.004030367702 0.007121327804
-0.004030367702 0.014239159067 -0.006586050093
0.007121327804 -0.006586050093 0.019802841866
0.005243474465 -0.005189783365 0.009226464985
-0.005189783365 0.015389517116 -0.009157303270
0.009226464985 -0.009157303270 0.024576524531
0.006780356453 -0.006960808826 0.012615607191
-0.006960808826 0.016616292770 -0.013346112738
0.012615607191 -0.013346112738 0.032297668842
0.009289710402 -0.009719104390 0.017975924321
-0.009719104390 0.018681536907 -0.019919596143
0.017975924321 -0.019919596143 0.044681308218
0.012861072706 -0.013558420094 0.025422930452
-0.013558420094 0.022284862450 -0.028925708254
0.025422930452 -0.028925708254 0.062151845956
0.016971076802 -0.017925503218 0.033839941396
-0.017925503218 0.027178716087 -0.038983829653
0.033839941396 -0.038983829653 0.082149465061
0.020682639615 -0.021837802087 0.041330251402
-0.021837802087 0.032092591010 -0.047868742320
0.041330251402 -0.047868742320 0.100116345763
0.023324118057 -0.024599613516 0.046577818107
-0.024599613516 0.035813885122 -0.054080063549
0.046577818107 -0.054080063549 0.112800076761
0.024824945896 -0.026149103245 0.049480510622
-0.026149103245 0.037995320700 -0.057531739728
0.049480510622 -0.057531739728 0.119871919343
0.025488286824 -0.026813945100 0.050669897434
-0.026813945100 0.038959577167 -0.058974373604
0.050669897434 -0.058974373604 0.122811305385
0.025666122588 -0.026968837025 0.050859353001
-0.026968837025 0.039188851390 -0.059242427482
0.050859353001 -0.059242427482 0.123324768892
0.025612047735 -0.026882107326 0.050555373546
-0.026882107326 0.039052886387 -0.058925964501
0.050555373546 -0.058925964501 0.122632274343
0.025471924777 -0.026707257846 0.050043167048
-0.026707257846 0.038768265885 -0.058357070016
0.050043167048 -0.058357070016 0.121423167645
0.025317877879 -0.026519462006 0.049456376116
-0.026519462006 0.038440925817 -0.057691678105
0.049456376116 -0.057691678105 0.120021360996
0.025179703212 -0.026348878147 0.048840119417
-0.026348878147 0.038111505690 -0.056982972202
0.048840119417 -0.056982972202 0.118536894380
0.025063333476 -0.026200090651 0.048187515913
-0.026200090651 0.037782890909 -0.056223884977
0.048187515913 -0.056223884977 0.116954162147
0.024958059184 -0.026059538105 0.047453752352
-0.026059538105 0.037431243183 -0.055363503884
0.047453752352 -0.055363503884 0.115166005461
0.024835958970 -0.025894367388 0.046555327384
-0.025894367388 0.037006053573 -0.054306215062
0.046555327384 -0.054306215062 0.112971955587
0.024646876874 -0.025645416996 0.045362129717
-0.025645416996 0.036425875855 -0.052902357716
0.045362129717 -0.052902357716 0.110059072954
0.024314168707 -0.025217555269 0.043693704455
-0.025217555269 0.035581438167 -0.050943235682
0.043693704455 -0.050943235682 0.105992689960
0.023742086685 -0.024473988018 0.041340835181
-0.024473988018 0.034369535477 -0.048184275088
0.041340835181 -0.048184275088 0.100267781907
0.022852726421 -0.023247180661 0.038143592530
-0.023247180661 0.032792136710 -0.044431483908
0.038143592530 -0.044431483908 0.092495727702
0.021665178946 -0.021382216212 0.034142302383
-0.021382216212 0.031132540802 -0.039710496130
0.034142302383 -0.039710496130 0.082766163772
0.020387571519 -0.018815153055 0.029740727602
-0.018815153055 0.030114278774 -0.034452403247
0.029740727602 -0.034452403247 0.072039253801
0.019423181787 -0.015650862158 0.025707796623
-0.015650862158 0.030802677489 -0.029504846167
0.025707796623 -0.029504846167 0.062153521097
0.019199242569 -0.012173015228 0.022874319788
-0.012173015228 0.034084825382 -0.025806863209
0.022874319788 -0.025806863209 0.055105406316
0.019898574035 -0.008755130292 0.021675940839
-0.008755130292 0.040015039294 -0.023888382255
0.021675940839 -0.023888382255 0.051960243158
0.021325243592 -0.005733601044 0.021927293516
-0.005733601044 0.047613012937 -0.023617944590
0.021927293516 -0.023617944590 0.052315396467
0.023012796742 -0.003339923509 0.022994246290
-0.003339923509 0.055290558294 -0.024396010729
0.022994246290 -0.024396010729 0.054723792340
0.024456491813 -0.001732105055 0.024162984058
-0.001732105055 0.061519168071 -0.025599726024
0.024162984058 -0.025599726024 0.057619095309
0.025340235083 -0.001107947665 0.024987263763
-0.001107947665 0.065420113677 -0.027077236407
0.024987263763 -0.027077236407 0.060258057251
0.025784429849 -0.001881999533 0.025630773461
-0.001881999533 0.067416600360 -0.029755493728
0.025630773461 -0.029755493728 0.063769701205
0.026700296260 -0.004899382865 0.027314730131
-0.004899382865 0.070218483972 -0.036471487149
0.027314730131 -0.036471487149 0.072567915829
0.030093362702 -0.011523478824 0.032664539089
-0.011523478824 0.079681043482 -0.052522277097
0.032664539089 -0.052522277097 0.095357283501
0.038641608279 -0.023188005623 0.045092758680
-0.023188005623 0.103589030451 -0.084264952459
0.045092758680 -0.084264952459 0.142941290222
0.053952066608 -0.040187807673 0.066500344676
-0.040187807673 0.146657418203 -0.134553268385
0.066500344676 -0.134553268385 0.220679208844
0.074672039713 -0.060647188946 0.094884101780
-0.060647188946 0.205127382361 -0.198317291131
0.094884101780 -0.198317291131 0.320950413348
0.096904113488 -0.081183804267 0.124993311159
-0.081183804267 0.267955482109 -0.264324501803
0.124993311159 -0.264324501803 0.425748356828
0.116770965149 -0.098856562278 0.151723756068
-0.098856562278 0.324132726956 -0.322136789211
0.151723756068 -0.322136789211 0.518029704443
0.132293500973 -0.112376385458 0.172531014339
-0.112376385458 0.368035314259 -0.366802441264
0.172531014339 -0.366802441264 0.589539850200
0.143343412238 -0.121889240993 0.187312037827
-0.121889240993 0.399290607695 -0.398401725025
0.187312037827 -0.398401725025 0.640214084647
0.150713294001 -0.128194161231 0.197158912416
-0.128194161231 0.420136914464 -0.419405963979
0.197158912416 -0.419405963979 0.673927606948
0.155362975226 -0.132158867110 0.203365746953
-0.132158867110 0.433286176618 -0.432630170223
0.203365746953 -0.432630170223 0.695163546099
0.158079849444 -0.134471846241 0.206986364920
-0.134471846241 0.440961681501 -0.440339566916
0.206986364920 -0.440339566916 0.707546599848
0.159403450579 -0.135598344316 0.208739187439
-0.135598344316 0.444684145705 -0.444070723158
0.208739187439 -0.444070723158 0.713540440149
0.159653576140 -0.135812492970 0.209046400836
-0.135812492970 0.445350070361 -0.444724515894
0.209046400836 -0.444724515894 0.714590852453
0.158977809739 -0.135240763881 0.208096609215
-0.135240763881 0.443363607294 -0.442702954069
0.208096609215 -0.442702954069 0.711343300428
0.157388098569 -0.133894216539 0.205890782344
-0.133894216539 0.438735093103 -0.438008107038
0.205890782344 -0.438008107038 0.703801127023
0.154780642947 -0.131686009802 0.202262839404
-0.131686009802 0.431127860982 -0.430286195452
0.202262839404 -0.430286195452 0.691396213959
0.150943331024 -0.128438367843 0.196877809045
-0.128438367843 0.419860864248 -0.418823595634
0.196877809045 -0.418823595634 0.672982630674
