0.001253219515 -0.000038999901 0.000007301324
-0.000038999901 0.001007489035 -0.000001384473
0.000007301324 -0.000001384473 0.001000859055
0.001253219515 -0.000038999901 0.000007301324
-0.000038999901 0.001007489035 -0.000001384473
0.000007301324 -0.000001384473 0.001000859055
0.001253219515 -0.000038999901 0.000007301324
-0.000038999901 0.001007489035 -0.000001384473
0.000007301324 -0.000001384473 0.001000859055
0.001253219515 -0.000038999901 0.000007301324
-0.000038999901 0.001007489035 -0.000001384473
0.000007301324 -0.000001384473 0.001000859055
0.001253219515 -0.000038999901 0.000007301324
-0.000038999901 0.001007489034 -0.000001384473
0.000007301324 -0.000001384473 0.001000859055
0.001253219514 -0.000038999901 0.000007301324
-0.000038999901 0.001007489034 -0.000001384473
0.000007301324 -0.000001384473 0.001000859054
0.001253219510 -0.000038999901 0.000007301324
-0.000038999901 0.001007489030 -0.000001384473
0.000007301324 -0.000001384473 0.001000859051
0.001253219487 -0.000038999900 0.000007301324
-0.000038999900 0.001007489012 -0.000001384473
0.000007301324 -0.000001384473 0.001000859033
0.001253219372 -0.000038999897 0.000007301323
-0.000038999897 0.001007488920 -0.000001384473
0.000007301323 -0.000001384473 0.001000858941
0.001253218822 -0.000038999879 0.000007301320
-0.000038999879 0.001007488477 -0.000001384472
0.000007301320 -0.000001384472 0.001000858502
0.001253216356 -0.000038999803 0.000007301305
-0.000038999803 0.001007486495 -0.000001384469
0.000007301305 -0.000001384469 0.001000856533
0.001253205978 -0.000038999480 0.000007301245
-0.000038999480 0.001007478152 -0.000001384458
0.000007301245 -0.000001384458 0.001000848244
0.001253164945 -0.000038998203 0.000007301006
-0.000038998203 0.001007445165 -0.000001384413
0.000007301006 -0.000001384413 0.001000815474
0.001253012641 -0.000038993463 0.000007300119
-0.000038993463 0.001007322723 -0.000001384245
0.000007300119 -0.000001384245 0.001000693838
0.001252482127 -0.000038976954 0.000007297032
-0.000038976954 0.001006896217 -0.000001383664
0.000007297032 -0.000001383664 0.001000270142
0.001250749986 -0.000038923055 0.000007286987
-0.000038923055 0.001005503543 -0.000001381806
0.000007286987 -0.000001381806 0.000998886674
0.001245464605 -0.000038758619 0.000007256650
-0.000038758619 0.001001252856 -0.000001376517
0.000007256650 -0.000001376517 0.000994664358
0.001230509282 -0.000038293594 0.000007173415
-0.000038293594 0.000989215754 -0.000001364704
0.000007173415 -0.000001364704 0.000982709877
0.001192018881 -0.000037098591 0.000006977952
-0.000037098591 0.000958167561 -0.000001356961
0.000006977952 -0.000001356961 0.000951891179
0.001105842054 -0.000034434149 0.000006653717
-0.000034434149 0.000888239730 -0.000001476631
0.000006653717 -0.000001476631 0.000882579067
0.000953114172 -0.000029765756 0.000006629103
-0.000029765756 0.000762303615 -0.000002353283
0.000006629103 -0.000002353283 0.000758228439
0.000776492636 -0.000024564732 0.000008625967
-0.000024564732 0.000609279671 -0.000005814221
0.000008625967 -0.000005814221 0.000608858097
0.000706339207 -0.000023059297 0.000015159446
-0.000023059297 0.000527566225 -0.000014124743
0.000015159446 -0.000014124743 0.000533754420
0.000816929669 -0.000027489788 0.000025933886
-0.000027489788 0.000579531280 -0.000026486815
0.000025933886 -0.000026486815 0.000594237897
0.001023296603 -0.000034889540 0.000037150763
-0.000034889540 0.000708914426 -0.000038815067
0.000037150763 -0.000038815067 0.000731528924
0.001214965984 -0.000041594458 0.000045849724
-0.000041594458 0.000835351574 -0.000048188229
0.000045849724 -0.000048188229 0.000863765923
0.001351842254 -0.000046337760 0.000051602362
-0.000046337760 0.000927319465 -0.000054326630
0.000051602362 -0.000054326630 0.000959462690
0.001439409519 -0.000049359183 0.000055148165
-0.000049359183 0.000986646759 -0.000058091221
0.000055148165 -0.000058091221 0.001021054706
0.001492935540 -0.000051202014 0.000057274226
-0.000051202014 0.001023061727 -0.000060342439
0.000057274226 -0.000060342439 0.001058816895
0.001523340096 -0.000052247819 0.000058471089
-0.000052247819 0.001043787728 -0.000061608842
0.000058471089 -0.000061608842 0.001080299373
0.001531435909 -0.000052528474 0.000058798062
-0.000052528474 0.001049309133 -0.000061969784
0.000058798062 -0.000061969784 0.001086047856
0.001495583356 -0.000051326977 0.000057477632
-0.000051326977 0.001025081779 -0.000060813166
0.000057477632 -0.000060813166 0.001061311048
0.001346680940 -0.000046571953 0.000052400452
-0.000046571953 0.000927631337 -0.000058442491
0.000052400452 -0.000058442491 0.000964685067
0.001017988791 -0.000038267613 0.000045158099
-0.000038267613 0.000741065318 -0.000075942478
0.000045158099 -0.000075942478 0.000807297123
0.000767291897 -0.000042022469 0.000057903867
-0.000042022469 0.000730042478 -0.000193920804
0.000057903867 -0.000193920804 0.000944432978
0.000928946860 -0.000068228529 0.000101528224
-0.000068228529 0.001109635070 -0.000414743623
0.000101528224 -0.000414743623 0.001585750879
0.001203195538 -0.000093406204 0.000140619922
-0.000093406204 0.001502739204 -0.000589403999
0.000140619922 -0.000589403999 0.002182250588
0.001363340147 -0.000106621430 0.000160754187
-0.000106621430 0.001712939605 -0.000675972978
0.000160754187 -0.000675972978 0.002492664055
0.001431629610 -0.000112080835 0.000169021391
-0.000112080835 0.001800279862 -0.000711061674
0.000169021391 -0.000711061674 0.002620539664
0.001447028231 -0.000113325075 0.000170909340
-0.000113325075 0.001820004336 -0.000719053673
0.000170909340 -0.000719053673 0.002649494994
0.001396114759 -0.000109750555 0.000165641222
-0.000109750555 0.001758293725 -0.000696807799
0.000165641222 -0.000696807799 0.002562151475
0.001182178875 -0.000099687893 0.000152455858
-0.000099687893 0.001526494266 -0.000639828156
0.000152455858 -0.000639828156 0.002265067215
0.000827203595 -0.000132478449 0.000219933846
-0.000132478449 0.001417544666 -0.000910052702
0.000219933846 -0.000910052702 0.002471867440
0.000935971494 -0.000326392479 0.000567546212
-0.000326392479 0.002587157541 -0.002330668846
0.000567546212 -0.002330668846 0.005292580589
0.001340574632 -0.000527382057 0.000921084632
-0.000527382057 0.004039441328 -0.003779735649
0.000921084632 -0.003779735649 0.008427712618
0.001528127379 -0.000606463818 0.001059727969
-0.000606463818 0.004635174461 -0.004347863272
0.001059727969 -0.004347863272 0.009683046494
0.001538517302 -0.000609980004 0.001066889115
-0.000609980004 0.004668423983 -0.004373913193
0.001066889115 -0.004373913193 0.009746058024
0.001427037949 -0.000560239623 0.000985441232
-0.000560239623 0.004326821439 -0.004020041762
0.000985441232 -0.004020041762 0.008990169218
0.001181895326 -0.000432352990 0.000793025611
-0.000432352990 0.003563554282 -0.003113746745
0.000793025611 -0.003113746745 0.007152416438
0.000947371732 -0.000199892421 0.000530476894
-0.000199892421 0.002763848668 -0.001483241673
0.000530476894 -0.001483241673 0.004348953427
0.001202887431 0.000046131922 0.000461393648
0.000046131922 0.003320773610 0.000205345321
0.000461393648 0.000205345321 0.002655718475
0.001763739010 0.000176344270 0.000600187300
0.000176344270 0.004803512610 0.001057825354
0.000600187300 0.001057825354 0.002849194162
0.002042266540 0.000216826044 0.000681234865
0.000216826044 0.005560681798 0.001272969420
0.000681234865 0.001272969420 0.003238420788
0.002064299799 0.000224554290 0.000671746949
0.000224554290 0.005630940359 0.001221712878
0.000671746949 0.001221712878 0.003383256973
0.001968772842 0.000224034406 0.000607823119
0.000224034406 0.005393296055 0.001027818094
0.000607823119 0.001027818094 0.003451651076
0.001807883713 0.000226249178 0.000494777811
0.000226249178 0.005004517125 0.000684241150
0.000494777811 0.000684241150 0.003575075650
0.001600749454 0.000244566472 0.000313057546
0.000244566472 0.004552550992 0.000108497061
0.000313057546 0.000108497061 0.003893621437
0.001378932974 0.000307297086 0.000018621572
0.000307297086 0.004204508966 -0.000874512719
0.000018621572 -0.000874512719 0.004667565027
0.001216963849 0.000471114682 -0.000466775512
0.000471114682 0.004323895493 -0.002580139264
-0.000466775512 -0.002580139264 0.006382429001
0.001238096440 0.000820444370 -0.001249406876
0.000820444370 0.005481048118 -0.005442511292
-0.001249406876 -0.005442511292 0.009728555151
0.001547891131 0.001413938062 -0.002388166640
0.001413938062 0.008112848653 -0.009715005730
-0.002388166640 -0.009715005730 0.015153645587
0.002113038535 0.002187322716 -0.003759873125
0.002187322716 0.011907850194 -0.014936651158
-0.003759873125 -0.014936651158 0.022069950332
0.002753221947 0.002950700472 -0.005058583477
0.002950700472 0.015782650573 -0.019925551341
-0.005058583477 -0.019925551341 0.028830118833
0.003293942602 0.003530507516 -0.006008868603
0.003530507516 0.018723337828 -0.023608323027
-0.006008868603 -0.023608323027 0.033902319510
0.003673028065 0.003870018115 -0.006520099956
0.003870018115 0.020368670288 -0.025623139330
-0.006520099956 -0.025623139330 0.036734820170
0.003917129747 0.004002173254 -0.006643728809
0.004002173254 0.020856026786 -0.026160439270
-0.006643728809 -0.026160439270 0.037554799086
0.004085195428 0.003988758862 -0.006475544842
0.003988758862 0.020481898779 -0.025587542246
-0.006475544842 -0.025587542246 0.036854203019
0.004238003905 0.003888140071 -0.006102936092
0.003888140071 0.019523457202 -0.024243760028
-0.006102936092 -0.024243760028 0.035100936507
0.004429556600 0.003747407191 -0.005592223569
0.003747407191 0.018195209569 -0.022389380854
-0.005592223569 -0.022389380854 0.032660777700
0.004706333802 0.003603508621 -0.004991491084
0.003603508621 0.016656171778 -0.020214971715
-0.004991491084 -0.020214971715 0.029805127342
0.005107472213 0.003485725037 -0.004336374161
0.003485725037 0.015026326013 -0.017862660097
-0.004336374161 -0.017862660097 0.026737842214
0.005663736847 0.003417170176 -0.003654833702
0.003417170176 0.013399657883 -0.015443750876
-0.003654833702 -0.015443750876 0.023618326110
0.006395123493 0.003414992283 -0.002970091521
0.003414992283 0.011851317474 -0.013049314060
-0.002970091521 -0.013049314060 0.020575353115
0.007307690523 0.003489626182 -0.002301936753
0.003489626182 0.010439785698 -0.010754521414
-0.002301936753 -0.010754521414 0.017712348559
0.008390393678 0.003643651912 -0.001666996942
0.003643651912 0.009206096354 -0.008619049954
-0.001666996942 -0.008619049954 0.015107257126
0.009612402167 0.003870747518 -0.001078686690
0.003870747518 0.008172344562 -0.006686252226
-0.001078686690 -0.006686252226 0.012810658661
0.010920771903 0.004155000806 -0.000547544138
0.004155000806 0.007341390713 -0.004983563918
-0.000547544138 -0.004983563918 0.010845261877
0.012237904311 0.004470730703 -0.000082725048
0.004470730703 0.006699582523 -0.003526453750
-0.000082725048 -0.003526453750 0.009209271405
0.013458820193 0.004783452497 0.000304162623
0.004783452497 0.006225708017 -0.002329141080
0.000304162623 -0.002329141080 0.007886756262
0.014451219677 0.005054365433 0.000590612244
0.005054365433 0.005913782931 -0.001428446938
0.000590612244 -0.001428446938 0.006871580301
0.015067468891 0.005253954410 0.000726362547
0.005253954410 0.005824484404 -0.000932029981
0.000726362547 -0.000932029981 0.006217534297
0.015184393211 0.005392535266 0.000605000348
0.005392535266 0.006181675092 -0.001101443205
0.000605000348 -0.001101443205 0.006128327293
0.014781905054 0.005568175658 0.000031121737
0.005568175658 0.007500591898 -0.002452373423
0.000031121737 -0.002452373423 0.007073523857
0.014034760396 0.006003749373 -0.001282938458
0.006003749373 0.010643581294 -0.005777095964
-0.001282938458 -0.005777095964 0.009834214281
0.013329455920 0.007007475895 -0.003631920311
0.007007475895 0.016601245860 -0.011918748006
-0.003631920311 -0.011918748006 0.015294800467
0.013115172059 0.008812009844 -0.007125738916
0.008812009844 0.025904893947 -0.021236030903
-0.007125738916 -0.021236030903 0.023898738564
0.013641210112 0.011371649923 -0.011501081319
0.011371649923 0.037994515305 -0.033062775944
-0.011501081319 -0.033062775944 0.035067804105
0.014794625614 0.014295253868 -0.016113457573
0.014295253868 0.051128465544 -0.045669470716
-0.016113457573 -0.045669470716 0.047117524052
0.016180611600 0.016987553374 -0.020142852577
0.016987553374 0.063000623498 -0.056838098443
-0.020142852577 -0.056838098443 0.057809879075
0.017358560196 0.018881218372 -0.022856684879
0.018881218372 0.071607605087 -0.064620710162
-0.022856684879 -0.064620710162 0.065113943735
0.018065085346 0.019616606935 -0.023784394262
0.019616606935 0.075893414757 -0.067867747571
-0.023784394262 -0.067867747571 0.067739015911
0.018351493902 0.019139980852 -0.022799694694
0.019139980852 0.076111057803 -0.066498627274
-0.022799694694 -0.066498627274 0.065400791018
0.018633813913 0.017752485631 -0.020169542074
0.017752485631 0.073999883530 -0.061646109465
-0.020169542074 -0.061646109465 0.058967102414
0.019613853007 0.016089476907 -0.016560752017
0.016089476907 0.072612205187 -0.055590912288
-0.016560752017 -0.055590912288 0.050439138277
0.021992203259 0.014941749818 -0.012902140994
0.014941749818 0.075372525386 -0.051159110836
-0.012902140994 -0.051159110836 0.042473471633
0.026032501453 0.014905069831 -0.010048129788
0.014905069831 0.084396271362 -0.050514487646
-0.010048129788 -0.050514487646 0.037335328190
0.031299351801 0.016071242982 -0.008417763338
0.016071242982 0.099179402692 -0.054073375667
-0.008417763338 -0.054073375667 0.035869003683
0.036866680180 0.018041750656 -0.007903728521
0.018041750656 0.116960779510 -0.060525359550
-0.007903728521 -0.060525359550 0.037364809099
0.041835113465 0.020243602837 -0.008101030803
0.020243602837 0.134479511736 -0.067912207584
-0.008101030803 -0.067912207584 0.040375016150
0.045705805559 0.022241356655 -0.008603523822
0.022241356655 0.149522659159 -0.074715216830
-0.008603523822 -0.074715216830 0.043635887487
0.048408895955 0.023841161578 -0.009152046222
0.023841161578 0.161312897165 -0.080233929505
-0.009152046222 -0.080233929505 0.046455953804
0.050130059534 0.025031474865 -0.009632477146
0.025031474865 0.170068919647 -0.084396811899
-0.009632477146 -0.084396811899 0.048631159421
0.051132764383 0.025885629666 -0.010018029461
0.025885629666 0.176423829076 -0.087431945083
-0.010018029461 -0.087431945083 0.050216196833
0.051656691645 0.026494134666 -0.010318982739
0.026494134666 0.181045192885 -0.089634440559
-0.010318982739 -0.089634440559 0.051349504274
0.051883199020 0.026934088305 -0.010554930008
0.026934088305 0.184474915472 -0.091259426003
-0.010554930008 -0.091259426003 0.052166342996
0.051936130816 0.027261578297 -0.010743580339
0.027261578297 0.187099656363 -0.092493885387
-0.010743580339 -0.092493885387 0.052770412314
0.051894754741 0.027513946031 -0.010897899968
0.027513946031 0.189174773106 -0.093462877129
-0.010897899968 -0.093462877129 0.053232435106
0.051807601233 0.027714671905 -0.011026450929
0.027714671905 0.190860360119 -0.094245284524
-0.011026450929 -0.094245284524 0.053597409387
0.051703422271 0.027877929916 -0.011134544033
0.027877929916 0.192252994889 -0.094888831272
-0.011134544033 -0.094888831272 0.053892657676
0.051598815633 0.028012006610 -0.011225332357
0.028012006610 0.193409150068 -0.095421460174
-0.011225332357 -0.095421460174 0.054134199861
0.051503157947 0.028121616399 -0.011300624371
0.028121616399 0.194360959995 -0.095859081797
-0.011300624371 -0.095859081797 0.054331163466
0.051421649801 0.028209376651 -0.011361426821
0.028209376651 0.195126257839 -0.096210530252
-0.011361426821 -0.096210530252 0.054488620431
0.051357132832 0.028276709225 -0.011408285467
0.028276709225 0.195714717561 -0.096480600941
-0.011408285467 -0.096480600941 0.054609328148
