0.067439964183 -0.028722152767 0.010682981068
-0.028722152767 0.358235242542 -0.065533627050
0.010682981068 -0.065533627050 0.541973612760
0.067364835183 -0.028693271370 0.010684815251
-0.028693271370 0.357780582839 -0.065458836704
0.010684815251 -0.065458836704 0.541294437522
0.067257497793 -0.028654864630 0.010700028549
-0.028654864630 0.357080048751 -0.065350346584
0.010700028549 -0.065350346584 0.540254956915
0.067113368668 -0.028611356029 0.010756002669
-0.028611356029 0.355995552633 -0.065200050002
0.010756002669 -0.065200050002 0.538664018709
0.066952598082 -0.028588450180 0.010931419004
-0.028588450180 0.354328653972 -0.065017716982
0.010931419004 -0.065017716982 0.536269101888
0.066891579978 -0.028683310157 0.011454534005
-0.028683310157 0.351848570567 -0.064889183147
0.011454534005 -0.064889183147 0.532853634170
0.067376685908 -0.029222350828 0.012997002737
-0.029222350828 0.348494587652 -0.065170102967
0.012997002737 -0.065170102967 0.528705479189
0.069925689703 -0.031251022159 0.017558514775
-0.031251022159 0.345209920592 -0.067106712071
0.017558514775 -0.067106712071 0.526363248346
0.079399399641 -0.038015575668 0.031094023203
-0.038015575668 0.346833181154 -0.074748575797
0.031094023203 -0.074748575797 0.536423484901
0.110503468038 -0.059172006444 0.070891667752
-0.059172006444 0.370947532976 -0.100441622051
0.070891667752 -0.100441622051 0.594939630739
0.203783463205 -0.121088983777 0.183496260322
-0.121088983777 0.470568674070 -0.178371015542
0.183496260322 -0.178371015542 0.807470935257
0.452785629506 -0.284258758530 0.474773433831
-0.284258758530 0.774172708946 -0.387606153700
0.474773433831 -0.387606153700 1.425918555242
1.008966863177 -0.646222936579 1.114367168024
-0.646222936579 1.496886965883 -0.856393628098
1.114367168024 -0.856393628098 2.867781243361
1.972232507270 -1.270812800318 2.211931184105
-1.270812800318 2.789713830050 -1.669620788052
2.211931184105 -1.669620788052 5.420797208750
3.196920060812 -2.063352166577 3.600492443816
-2.063352166577 4.461211207761 -2.704443800197
3.600492443816 -2.704443800197 8.704408760655
4.338286433109 -2.801206092214 4.891209439585
-2.801206092214 6.032641671481 -3.669301408283
4.891209439585 -3.669301408283 11.783144355656
5.158831127002 -3.331375179517 5.817869356209
-3.331375179517 7.167442853235 -4.363114252582
5.817869356209 -4.363114252582 14.003379844815
5.647830595077 -3.647240951197 6.369729661242
-3.647240951197 7.845246033864 -4.776636724968
6.369729661242 -4.776636724968 15.328584757722
5.904143319161 -3.812781407473 6.658891348090
-3.812781407473 8.200908844078 -4.993397681112
6.658891348090 -4.993397681112 16.023722612764
6.024951391609 -3.890797573631 6.795149889225
-3.890797573631 8.368618912230 -5.095558713833
6.795149889225 -5.095558713833 16.351453356798
6.072428249720 -3.921446212151 6.848660647118
-3.921446212151 8.434506443274 -5.135682929573
6.848660647118 -5.135682929573 16.480184839610
6.078086022614 -3.925063286013 6.854921056931
-3.925063286013 8.442234892732 -5.140380003705
6.854921056931 -5.140380003705 16.495237951866
6.053068171508 -3.908794454012 6.826332835913
-3.908794454012 8.407095340505 -5.118951922132
6.826332835913 -5.118951922132 16.426427498683
5.994787262832 -3.870813553208 6.759465519476
-3.870813553208 8.324955471262 -5.068839300720
6.759465519476 -5.068839300720 16.265471887856
5.889443378438 -3.801743249357 6.637218345715
-3.801743249357 8.175039642574 -4.977259012438
6.637218345715 -4.977259012438 15.971152288273
5.712613020566 -3.684448254869 6.427546852255
-3.684448254869 7.918718694955 -4.820300054156
6.427546852255 -4.820300054156 15.466160116939
5.432522124940 -3.494582438750 6.081983948763
-3.494582438750 7.498648357214 -4.561950715488
6.081983948763 -4.561950715488 14.633309359261
5.025763477042 -3.207039247385 5.541156092714
-3.207039247385 6.847830106275 -4.158556805124
5.541156092714 -4.158556805124 13.328270942039
4.520272748799 -2.816845770549 4.760614932347
-2.816845770549 5.925628078394 -3.578788854447
4.760614932347 -3.578788854447 11.440732460543
4.064633814494 -2.377161417452 3.766699589425
-2.377161417452 4.790708029077 -2.846119889399
3.766699589425 -2.846119889399 9.027836550614
3.951595505871 -2.022937073706 2.711023137054
-2.022937073706 3.662947626656 -2.078946939444
2.711023137054 -2.078946939444 6.446528732800
4.461901792302 -1.911414166476 1.830816255723
-1.911414166476 2.849254022757 -1.457257150395
1.830816255723 -1.457257150395 4.264158761080
5.585934495807 -2.088907306206 1.288592818430
-2.088907306206 2.517579019791 -1.098348317426
1.288592818430 -1.098348317426 2.879446533434
6.982938235171 -2.445788097542 1.064494335353
-2.445788097542 2.575787040661 -0.977725045610
1.064494335353 -0.977725045610 2.260702941625
8.266865045114 -2.825344342230 1.028716232943
-2.825344342230 2.807268780731 -0.989996574674
1.028716232943 -0.989996574674 2.109071813191
9.242001253607 -3.132593296584 1.064179251563
-3.132593296584 3.048586640856 -1.044635987138
1.064179251563 -1.044635987138 2.147399199117
9.898457470318 -3.346095157460 1.110045976051
-3.346095157460 3.234042206288 -1.097331678031
1.110045976051 -1.097331678031 2.227095429984
10.308310784763 -3.481641182417 1.146101663826
-3.481641182417 3.357589189582 -1.135599747137
1.146101663826 -1.135599747137 2.295033752938
10.551289056789 -3.562727316342 1.169884392900
-3.562727316342 3.433349857516 -1.160028059148
1.169884392900 -1.160028059148 2.341209292152
10.686675432537 -3.608122521133 1.183859065938
-3.608122521133 3.476312555332 -1.174159419736
1.183859065938 -1.174159419736 2.368706318520
10.748477953754 -3.628864999909 1.190407981608
-3.628864999909 3.496055149594 -1.180712037801
1.190407981608 -1.180712037801 2.381650008882
10.745602812949 -3.627722069076 1.190200008678
-3.627722069076 3.494928324445 -1.180338871614
1.190200008678 -1.180338871614 2.381125723630
10.658880128481 -3.597646642313 1.181774608738
-3.597646642313 3.466231369060 -1.170895890248
1.181774608738 -1.170895890248 2.363913985090
10.435847260134 -3.518325605185 1.163256599399
-3.518325605185 3.391351546458 -1.146936395668
1.163256599399 -1.146936395668 2.325121909838
10.003675155429 -3.353997912258 1.143767467906
-3.353997912258 3.240115360746 -1.101966355399
1.143767467906 -1.101966355399 2.278157941059
9.368742682680 -3.066082591664 1.186747832874
-3.066082591664 2.990995734713 -1.042214774994
1.186747832874 -1.042214774994 2.332313686428
8.908982454611 -2.666429072105 1.512323566843
-2.666429072105 2.699861200478 -1.024911521926
1.512323566843 -1.024911521926 2.877890428699
9.716363877672 -2.301701267542 2.583349115289
-2.301701267542 2.593266361856 -1.200146515808
2.583349115289 -1.200146515808 4.744819442503
13.159456610145 -2.228506150098 4.867803351493
-2.228506150098 2.997322837085 -1.746142341478
4.867803351493 -1.746142341478 8.780450726899
19.352665693115 -2.573876378991 8.242182038203
-2.573876378991 4.000463051313 -2.663457400474
8.242182038203 -2.663457400474 14.775957165487
26.637098404051 -3.185634749668 11.894523899446
-3.185634749668 5.299479445245 -3.714479685666
11.894523899446 -3.714479685666 21.283416942484
33.102514428634 -3.811343981611 15.008695212607
-3.811343981611 6.500733941298 -4.636053201560
15.008695212607 -4.636053201560 26.839898639598
37.804207049008 -4.295629631383 17.227758396430
-4.295629631383 7.393215566568 -5.302024478389
17.227758396430 -5.302024478389 30.802108395797
40.575879342592 -4.587415249364 18.523666313438
-4.587415249364 7.932881898191 -5.692614387436
18.523666313438 -5.692614387436 33.116231264374
41.388902665859 -4.663819777492 18.905446563663
-4.663819777492 8.134512993057 -5.802788863094
18.905446563663 -5.802788863094 33.795074610439
39.939877326540 -4.466012507068 18.238865563162
-4.466012507068 8.054980963594 -5.578180448131
18.238865563162 -5.578180448131 32.590865722165
35.673094202430 -3.864119460641 16.253984025050
-3.864119460641 8.011924106964 -4.895952328907
16.253984025050 -4.895952328907 28.995361884949
28.590641170817 -2.678325094059 12.897843889413
-2.678325094059 9.190523133569 -3.631249115725
12.897843889413 -3.631249115725 22.843400824374
20.730503586098 -0.829866273883 9.006972529673
-0.829866273883 14.028612666638 -1.854516074076
9.006972529673 -1.854516074076 15.509279920170
15.724256472476 1.417913453032 6.196272652297
1.417913453032 24.200723101057 0.026595024445
6.196272652297 0.026595024445 9.822634147449
14.972352378480 3.500844269036 5.232201282759
3.500844269036 37.288346560912 1.530996049716
5.232201282759 1.530996049716 7.313493415536
16.495092931940 4.995957052890 5.410624381927
4.995957052890 48.625202266434 2.484181909169
5.410624381927 2.484181909169 6.977202260694
18.091288446074 5.853587357170 5.817929559026
5.853587357170 55.809251039625 2.986649858920
5.817929559026 2.986649858920 7.297692121379
18.912943764338 6.219535174753 6.050872985063
6.219535174753 59.007813905025 3.192673832631
6.050872985063 3.192673832631 7.534603905744
18.871055924152 6.230112059525 6.029369455984
6.230112059525 59.040742347080 3.203434006602
6.029369455984 3.203434006602 7.495828838501
17.981001517142 5.940854267773 5.742131141896
5.940854267773 56.292648279075 3.057637695508
5.742131141896 3.057637695508 7.140613716337
16.147971703221 5.333011669450 5.153538824384
5.333011669450 50.556189748783 2.750048233550
5.153538824384 2.750048233550 6.422057191273
13.240390838389 4.363483209000 4.217942978910
4.363483209000 41.437037963663 2.263642841342
4.217942978910 2.263642841342 5.294093141118
9.407589538992 3.076283391816 2.977809914550
3.076283391816 29.397025106526 1.630042297181
2.977809914550 1.630042297181 3.833852492552
5.455439307028 1.730797616558 1.684705710064
1.730797616558 16.947638436888 0.992938354949
1.684705710064 0.992938354949 2.382599104974
2.541808284123 0.710984301685 0.709303529350
0.710984301685 7.717267922356 0.548251693696
0.709303529350 0.548251693696 1.396304680646
1.098891522061 0.175122389459 0.201829342390
0.175122389459 3.088297370887 0.355678872854
0.201829342390 0.355678872854 1.000288715263
0.626031955043 -0.025864748374 0.015409693904
-0.025864748374 1.523726345564 0.315340048731
0.015409693904 0.315340048731 0.946621645666
0.527126186761 -0.085094101286 -0.037206949415
-0.085094101286 1.164227834381 0.322324714227
-0.037206949415 0.322324714227 0.986948119161
0.520154520347 -0.100720816078 -0.049992105700
-0.100720816078 1.117406322025 0.333091185440
-0.049992105700 0.333091185440 1.024134102213
0.525528186722 -0.104930494989 -0.053020335032
-0.104930494989 1.123005467172 0.339375567086
-0.053020335032 0.339375567086 1.044218486996
0.529255631976 -0.106188095289 -0.053803263944
-0.106188095289 1.130007727500 0.342243240174
-0.053803263944 0.342243240174 1.053164408519
0.530950840311 -0.106603064602 -0.054034918575
-0.106603064602 1.133486747281 0.343406598351
-0.054034918575 0.343406598351 1.056762166911
0.531614947087 -0.106746338597 -0.054110379912
-0.106746338597 1.134885860250 0.343845041520
-0.054110379912 0.343845041520 1.058113750346
0.531854712331 -0.106795686947 -0.054135738940
-0.106795686947 1.135395449363 0.344001200615
-0.054135738940 0.344001200615 1.058594585240
0.531936346471 -0.106812212373 -0.054144153942
-0.106812212373 1.135569470461 0.344054120891
-0.054144153942 0.344054120891 1.058757468521
0.531962780050 -0.106817533714 -0.054146855240
-0.106817533714 1.135625875115 0.344071230133
-0.054146855240 0.344071230133 1.058810121996
0.531970945560 -0.106819174590 -0.054147687373
-0.106819174590 1.135643304373 0.344076512672
-0.054147687373 0.344076512672 1.058826378246
0.531973354614 -0.106819658431 -0.054147932668
-0.106819658431 1.135648446986 0.344078070933
-0.054147932668 0.344078070933 1.058831173506
0.531974033713 -0.106819794802 -0.054148001798
-0.106819794802 1.135649896701 0.344078510179
-0.054148001798 0.344078510179 1.058832525199
0.531974216660 -0.106819831538 -0.054148020420
-0.106819831538 1.135650287252 0.344078628508
-0.054148020420 0.344078628508 1.058832889335
0.531974263765 -0.106819840996 -0.054148025214
-0.106819840996 1.135650387810 0.344078658976
-0.054148025214 0.344078658976 1.058832983091
0.531974275357 -0.106819843324 -0.054148026394
-0.106819843324 1.135650412559 0.344078666474
-0.054148026394 0.344078666474 1.058833006165
0.531974278085 -0.106819843872 -0.054148026672
-0.106819843872 1.135650418381 0.344078668238
-0.054148026672 0.344078668238 1.058833011594
