0.003135193616 -0.000437510810 0.001823251658
-0.000437510810 0.031953142621 -0.002653586112
0.001823251658 -0.002653586112 0.009990155622
0.003115905844 -0.000488814022 0.001738756546
-0.000488814022 0.030913489346 -0.002522681755
0.001738756546 -0.002522681755 0.009672409658
0.003087032142 -0.000538476869 0.001648603823
-0.000538476869 0.029776011327 -0.002382570975
0.001648603823 -0.002382570975 0.009324835472
0.003037415310 -0.000583059996 0.001548183267
-0.000583059996 0.028449623147 -0.002225412243
0.001548183267 -0.002225412243 0.008919809730
0.002946166298 -0.000615862458 0.001428765938
-0.000615862458 0.026762792571 -0.002035406291
0.001428765938 -0.002035406291 0.008406087105
0.002777526571 -0.000624469993 0.001275225885
-0.000624469993 0.024418539793 -0.001781884150
0.001275225885 -0.001781884150 0.007697650683
0.002486125310 -0.000590653798 0.001066659338
-0.000590653798 0.021009013459 -0.001410770710
0.001066659338 -0.001410770710 0.006686294450
0.002069966641 -0.000506630822 0.000790965852
-0.000506630822 0.016316885352 -0.000848193323
0.000790965852 -0.000848193323 0.005352113543
0.001697616440 -0.000425051747 0.000483169560
-0.000425051747 0.011092457762 -0.000055978133
0.000483169560 -0.000055978133 0.004011550543
0.001694860029 -0.000470618930 0.000237832951
-0.000470618930 0.007238377067 0.000851707818
0.000237832951 0.000851707818 0.003296797436
0.002102419774 -0.000670667573 0.000113439875
-0.000670667573 0.005784088480 0.001610135407
0.000113439875 0.001610135407 0.003405002251
0.002514268129 -0.000857917884 0.000062145694
-0.000857917884 0.005685708944 0.002038950589
0.000062145694 0.002038950589 0.003857155506
0.002604454780 -0.000880265114 0.000004444355
-0.000880265114 0.005675853671 0.002160705863
0.000004444355 0.002160705863 0.004326967993
0.002370049519 -0.000729692486 -0.000113006295
-0.000729692486 0.005359566352 0.002085435615
-0.000113006295 0.002085435615 0.004965825020
0.001973745850 -0.000486898577 -0.000313846312
-0.000486898577 0.004842152630 0.001918427137
-0.000313846312 0.001918427137 0.006066170713
0.001587111850 -0.000247967349 -0.000578728944
-0.000247967349 0.004344445991 0.001763384908
-0.000578728944 0.001763384908 0.007643600526
0.001312497648 -0.000078077296 -0.000835745347
-0.000078077296 0.004101461179 0.001772019973
-0.000835745347 0.001772019973 0.009243101496
0.001182964447 0.000004783675 -0.001006394554
0.000004783675 0.004425054549 0.002204823394
-0.001006394554 0.002204823394 0.010301406485
0.001222100247 0.000014852367 -0.001093693727
0.000014852367 0.005756122017 0.003416285079
-0.001093693727 0.003416285079 0.010902149428
0.001465215398 -0.000024360755 -0.001199749158
-0.000024360755 0.008417731442 0.005618225610
-0.001199749158 0.005618225610 0.011919316633
0.001884339548 -0.000087332553 -0.001406645060
-0.000087332553 0.012099545115 0.008491421264
-0.001406645060 0.008491421264 0.013965034711
0.002334884861 -0.000142401476 -0.001658054006
-0.000142401476 0.015776726750 0.011087874417
-0.001658054006 0.011087874417 0.016361366405
0.002652351884 -0.000148903336 -0.001798354150
-0.000148903336 0.018582686172 0.012212084771
-0.001798354150 0.012212084771 0.017505702612
0.002857115807 -0.000061673345 -0.001708030444
-0.000061673345 0.021332799521 0.010934116766
-0.001708030444 0.010934116766 0.016118346459
0.003325098749 0.000112402404 -0.001409396698
0.000112402404 0.027640386126 0.007159996102
-0.001409396698 0.007159996102 0.012543940059
0.004529491550 0.000169881681 -0.001028286839
0.000169881681 0.041099033146 0.002095569252
-0.001028286839 0.002095569252 0.009215963952
0.006262923404 -0.000236066782 -0.000591826122
-0.000236066782 0.058564851364 -0.002561841864
-0.000591826122 -0.002561841864 0.008367720595
0.007746006414 -0.001165119350 -0.000041344533
-0.001165119350 0.072443887689 -0.006070949206
-0.000041344533 -0.006070949206 0.009605724698
0.008608217149 -0.002310736447 0.000573807749
-0.002310736447 0.079826763691 -0.008561173435
0.000573807749 -0.008561173435 0.011403829883
0.008994309760 -0.003356970723 0.001135832266
-0.003356970723 0.082629527111 -0.010299585272
0.001135832266 -0.010299585272 0.012927198910
0.009137798426 -0.004141205111 0.001562278102
-0.004141205111 0.083317120968 -0.011451005417
0.001562278102 -0.011451005417 0.013981924870
0.009129408307 -0.004580321027 0.001807327989
-0.004580321027 0.082854819559 -0.012030061391
0.001807327989 -0.012030061391 0.014497487866
0.008591058076 -0.004410544703 0.001767714803
-0.004410544703 0.077950404892 -0.011547075357
0.001767714803 -0.011547075357 0.014062030895
0.006298631515 -0.002482660999 0.001208149499
-0.002482660999 0.059840396186 -0.010219366602
0.001208149499 -0.010219366602 0.018244462947
0.004746895065 0.002368862388 0.000753031701
0.002368862388 0.062378332258 -0.020426033297
0.000753031701 -0.020426033297 0.067654456228
0.006474031121 0.006780636805 0.000991143103
0.006780636805 0.100135259763 -0.039311959725
0.000991143103 -0.039311959725 0.139982120444
0.007872220317 0.008774992145 0.001214362454
0.008774992145 0.124099431121 -0.049633151614
0.001214362454 -0.049633151614 0.177726927147
0.008452649644 0.009498694775 0.001307441727
0.009498694775 0.133601577451 -0.053576200342
0.001307441727 -0.053576200342 0.191978065330
0.008633530683 0.009715705460 0.001335840542
0.009715705460 0.136522331990 -0.054771710084
0.001335840542 -0.054771710084 0.196286041421
0.008579413147 0.009650875174 0.001325024642
0.009650875174 0.135634565682 -0.054395002789
0.001325024642 -0.054395002789 0.194936128852
