0.002651613911 -0.000127646403 0.005278191172
-0.000127646403 0.002196382433 -0.001313031076
0.005278191172 -0.001313031076 0.018453185104
0.002555506525 -0.000122276326 0.005084624003
-0.000122276326 0.002120313567 -0.001266600122
0.005084624003 -0.001266600122 0.017778578443
0.002084116632 -0.000095227182 0.004135072140
-0.000095227182 0.001750358248 -0.001040306418
0.004135072140 -0.001040306418 0.014471275307
0.001076694307 -0.000029699433 0.002150042977
-0.000029699433 0.000989107795 -0.000580135542
0.002150042977 -0.000580135542 0.007579263787
0.001410359391 -0.000027824970 0.002992374919
-0.000027824970 0.001325651104 -0.000812528461
0.002992374919 -0.000812528461 0.010572738481
0.001521783089 -0.000009595295 0.003167038896
-0.000009595295 0.001526224184 -0.000907971862
0.003167038896 -0.000907971862 0.011251022779
0.000946802554 0.000111336638 0.001546934728
0.000111336638 0.001507426256 -0.000732769045
0.001546934728 -0.000732769045 0.005858265370
0.000749146547 0.000306331474 0.000426862258
0.000306331474 0.002224069409 -0.000886785399
0.000426862258 -0.000886785399 0.002481272328
0.000847977672 0.000379040939 0.000349425286
0.000379040939 0.002658465001 -0.001039913957
0.000349425286 -0.001039913957 0.002439054001
0.000829915759 0.000368113938 0.000332592290
0.000368113938 0.002573632417 -0.001002037129
0.000332592290 -0.001002037129 0.002351466006
0.000786982200 0.000345285275 0.000306367555
0.000345285275 0.002405390414 -0.000931255588
0.000306367555 -0.000931255588 0.002193507843
0.000741917900 0.000321250722 0.000278595982
0.000321250722 0.002227542734 -0.000856263777
0.000278595982 -0.000856263777 0.002026503404
0.000695027695 0.000296286878 0.000249686312
0.000296286878 0.002041379920 -0.000777450447
0.000249686312 -0.000777450447 0.001851877257
0.000644643738 0.000270003740 0.000219776436
0.000270003740 0.001841653183 -0.000692020557
0.000219776436 -0.000692020557 0.001665740658
0.000589947644 0.000242920504 0.000190695113
0.000242920504 0.001622680659 -0.000594552998
0.000190695113 -0.000594552998 0.001465825389
0.000535941497 0.000219327598 0.000169675699
0.000219327598 0.001385834569 -0.000475209417
0.000169675699 -0.000475209417 0.001261563630
0.000502314857 0.000212054983 0.000175128363
0.000212054983 0.001152930406 -0.000317370840
0.000175128363 -0.000317370840 0.001091141280
0.000528235449 0.000244391100 0.000238107304
0.000244391100 0.000974806640 -0.000098958985
0.000238107304 -0.000098958985 0.001029875302
0.000655330429 0.000339311314 0.000387194252
0.000339311314 0.000911952032 0.000194331377
0.000387194252 0.000194331377 0.001157716284
0.000888092386 0.000496498527 0.000618632846
0.000496498527 0.000985894364 0.000545932015
0.000618632846 0.000545932015 0.001486977095
0.001167574130 0.000677806573 0.000879592621
0.000677806573 0.001145743099 0.000895691405
0.000879592621 0.000895691405 0.001918393593
0.001382695158 0.000810641362 0.001088003934
0.000810641362 0.001276848328 0.001142350095
0.001088003934 0.001142350095 0.002294409314
0.001443291850 0.000798607341 0.001274106521
0.000798607341 0.001235995578 0.001146559049
0.001274106521 0.001146559049 0.002797084271
0.001551431750 0.000576444763 0.002090905423
0.000576444763 0.000967310905 0.000791195791
0.002090905423 0.000791195791 0.005332591619
0.002271592611 0.000225173349 0.004699864816
0.000225173349 0.000650968329 0.000163265410
0.004699864816 0.000163265410 0.013077140821
0.003479924869 -0.000071856831 0.008342943717
-0.000071856831 0.000483291234 -0.000422232709
0.008342943717 -0.000422232709 0.023684645247
0.004183423303 -0.000210837925 0.010349567496
-0.000210837925 0.000432463692 -0.000701028273
0.010349567496 -0.000701028273 0.029520205702
0.003770603037 -0.000177133256 0.009196476667
-0.000177133256 0.000424694052 -0.000579129649
0.009196476667 -0.000579129649 0.026293721291
0.002563332259 0.000011724389 0.005728261622
0.000011724389 0.000499171908 -0.000081040374
0.005728261622 -0.000081040374 0.016418886284
0.001729749479 0.000258942488 0.003047184618
0.000258942488 0.000732681504 0.000536909068
0.003047184618 0.000536909068 0.008654388208
0.002214800231 0.000330302488 0.003934328458
0.000330302488 0.000994266667 0.000687176905
0.003934328458 0.000687176905 0.010767713612
0.003875987466 0.000082332572 0.008239706988
0.000082332572 0.001090194280 0.000028927122
0.008239706988 0.000028927122 0.022261508274
0.005998150629 -0.000352499459 0.013949934884
-0.000352499459 0.001052809304 -0.001089759739
0.013949934884 -0.001089759739 0.037598433415
0.007418797281 -0.000747301703 0.017802830668
-0.000747301703 0.000965694039 -0.001960213011
0.017802830668 -0.001960213011 0.048129540207
0.006897811464 -0.001082921897 0.015651277396
-0.001082921897 0.001077529051 -0.001576208022
0.015651277396 -0.001576208022 0.043973603059
0.005412062440 -0.001874605836 0.007958337365
-0.001874605836 0.002060525088 0.000664776132
0.007958337365 0.000664776132 0.029031478506
0.004813235270 -0.003063269512 0.000844953881
-0.003063269512 0.003620122246 0.003395255605
0.000844953881 0.003395255605 0.017806007449
0.007093326792 -0.001803505109 0.011526047435
-0.001803505109 0.002574048306 -0.005865660192
0.011526047435 -0.005865660192 0.070153351035
0.011416100611 -0.001807237900 0.022924716116
-0.001807237900 0.002941276935 -0.013230031382
0.022924716116 -0.013230031382 0.127477661496
0.004568505103 -0.003494398950 -0.002108054754
-0.003494398950 0.004300045158 0.003835081011
-0.002108054754 0.003835081011 0.016625969458
