0.001530066111 -0.000171109078 0.000158104508
-0.000171109078 0.001074853805 -0.000049328016
0.000158104508 -0.000049328016 0.001073639315
0.001530066111 -0.000171109078 0.000158104508
-0.000171109078 0.001074853805 -0.000049328016
0.000158104508 -0.000049328016 0.001073639315
0.001530066111 -0.000171109078 0.000158104508
-0.000171109078 0.001074853805 -0.000049328016
0.000158104508 -0.000049328016 0.001073639315
0.001530066111 -0.000171109078 0.000158104508
-0.000171109078 0.001074853805 -0.000049328016
0.000158104508 -0.000049328016 0.001073639315
0.001530066111 -0.000171109078 0.000158104508
-0.000171109078 0.001074853805 -0.000049328016
0.000158104508 -0.000049328016 0.001073639315
0.001530066111 -0.000171109078 0.000158104508
-0.000171109078 0.001074853805 -0.000049328016
0.000158104508 -0.000049328016 0.001073639315
0.001530066111 -0.000171109078 0.000158104508
-0.000171109078 0.001074853805 -0.000049328016
0.000158104508 -0.000049328016 0.001073639315
0.001530066111 -0.000171109078 0.000158104508
-0.000171109078 0.001074853805 -0.000049328016
0.000158104508 -0.000049328016 0.001073639315
0.001530066110 -0.000171109078 0.000158104508
-0.000171109078 0.001074853804 -0.000049328016
0.000158104508 -0.000049328016 0.001073639314
0.001530066105 -0.000171109077 0.000158104507
-0.000171109077 0.001074853801 -0.000049328016
0.000158104507 -0.000049328016 0.001073639311
0.001530066082 -0.000171109075 0.000158104505
-0.000171109075 0.001074853784 -0.000049328015
0.000158104505 -0.000049328015 0.001073639294
0.001530065973 -0.000171109063 0.000158104494
-0.000171109063 0.001074853708 -0.000049328012
0.000158104494 -0.000049328012 0.001073639218
0.001530065495 -0.000171109009 0.000158104444
-0.000171109009 0.001074853372 -0.000049327996
0.000158104444 -0.000049327996 0.001073638883
0.001530063506 -0.000171108787 0.000158104239
-0.000171108787 0.001074851975 -0.000049327932
0.000158104239 -0.000049327932 0.001073637487
0.001530055691 -0.000171107913 0.000158103431
-0.000171107913 0.001074846484 -0.000049327680
0.000158103431 -0.000049327680 0.001073632003
0.001530026682 -0.000171104669 0.000158100434
-0.000171104669 0.001074826106 -0.000049326745
0.000158100434 -0.000049326745 0.001073611648
0.001529924985 -0.000171093295 0.000158089925
-0.000171093295 0.001074754667 -0.000049323466
0.000158089925 -0.000049323466 0.001073540290
0.001529588334 -0.000171055641 0.000158055131
-0.000171055641 0.001074518192 -0.000049312605
0.000158055131 -0.000049312605 0.001073304096
0.001528536703 -0.000170937977 0.000157946398
-0.000170937977 0.001073779623 -0.000049278626
0.000157946398 -0.000049278626 0.001072566500
0.001525441210 -0.000170591270 0.000157625938
-0.000170591270 0.001071606786 -0.000049178147
0.000157625938 -0.000049178147 0.001070397367
0.001516885869 -0.000169630217 0.000156737085
-0.000169630217 0.001065610537 -0.000048896838
0.000156737085 -0.000048896838 0.001064417949
0.001494872312 -0.000167137806 0.000154428121
-0.000167137806 0.001050244357 -0.000048148037
0.000154428121 -0.000048148037 0.001049140708
0.001443148773 -0.000161163581 0.000148870835
-0.000161163581 0.001014517800 -0.000046237893
0.000148870835 -0.000046237893 0.001013898646
0.001336624751 -0.000148252989 0.000136746477
-0.000148252989 0.000942883780 -0.000041528865
0.000136746477 -0.000041528865 0.000944679105
0.001159099604 -0.000124181665 0.000113680301
-0.000124181665 0.000831693163 -0.000030416563
0.000113680301 -0.000030416563 0.000843478955
0.000953053063 -0.000087795306 0.000077451893
-0.000087795306 0.000729710485 -0.000006727127
0.000077451893 -0.000006727127 0.000772816033
0.000840094315 -0.000045738285 0.000032841537
-0.000045738285 0.000744654179 0.000034504189
0.000032841537 0.000034504189 0.000856551949
0.000906369704 -0.000009104360 -0.000009614878
-0.000009104360 0.000932362554 0.000088635086
-0.000009614878 0.000088635086 0.001147047944
0.001097706611 0.000016229136 -0.000042154446
0.000016229136 0.001216530802 0.000142164597
-0.000042154446 0.000142164597 0.001540174449
0.001306142900 0.000031487507 -0.000063789546
0.000031487507 0.001486551985 0.000184714880
-0.000063789546 0.000184714880 0.001900081139
0.001472680743 0.000040198363 -0.000077179755
0.000040198363 0.001691141943 0.000214265862
-0.000077179755 0.000214265862 0.002168362230
0.001588648374 0.000045161104 -0.000085269234
0.000045161104 0.001830072175 0.000233434432
-0.000085269234 0.000233434432 0.002349068029
0.001664561240 0.000048040064 -0.000090150851
0.000048040064 0.001919831847 0.000245510027
-0.000090150851 0.000245510027 0.002465311075
0.001712035222 0.000049719820 -0.000093068903
0.000049719820 0.001975579361 0.000252907924
-0.000093068903 0.000252907924 0.002537339543
0.001737204444 0.000050602046 -0.000094610259
0.000050602046 0.002005118144 0.000256822896
-0.000094610259 0.000256822896 0.002575498850
0.001735901904 0.000050740876 -0.000094779275
0.000050740876 0.002004296154 0.000256896602
-0.000094779275 0.000256896602 0.002574758664
0.001683490922 0.000050320622 -0.000093581146
0.000050320622 0.001948489044 0.000250963293
-0.000093581146 0.000250963293 0.002505287022
0.001524598734 0.000054730322 -0.000098555369
0.000054730322 0.001803645905 0.000242393717
-0.000098555369 0.000242393717 0.002337448080
0.001238303444 0.000103147696 -0.000168562597
0.000103147696 0.001715361791 0.000293786134
-0.000168562597 0.000293786134 0.002338415202
0.001086059823 0.000314633265 -0.000485899537
0.000314633265 0.002460858045 0.000627792128
-0.000485899537 0.000627792128 0.003731029456
0.001429617067 0.000735388996 -0.001124039864
0.000735388996 0.004609799626 0.001356765778
-0.001124039864 0.001356765778 0.007318843263
0.001988266551 0.001146080730 -0.001749261853
0.001146080730 0.006937319248 0.002090569390
-0.001749261853 0.002090569390 0.011103120768
0.002374714668 0.001392907089 -0.002125553665
0.001392907089 0.008388374731 0.002536639978
-0.002125553665 0.002536639978 0.013441558776
0.002564225201 0.001508155619 -0.002301347657
0.001508155619 0.009075244229 0.002745818751
-0.002301347657 0.002745818751 0.014544871809
0.002638828449 0.001552758563 -0.002369397283
0.001552758563 0.009342379644 0.002826878941
-0.002369397283 0.002826878941 0.014973394203
0.002644179697 0.001556220583 -0.002374696864
0.001556220583 0.009362773898 0.002833019145
-0.002374696864 0.002833019145 0.015005747978
0.002573692669 0.001516332770 -0.002314041592
0.001516332770 0.009121090497 0.002759475747
-0.002314041592 0.002759475747 0.014615573678
0.002368258012 0.001407923601 -0.002150507592
0.001407923601 0.008456169164 0.002555609091
-0.002150507592 0.002555609091 0.013529294888
0.002006174488 0.001278577878 -0.001966539390
0.001278577878 0.007594594252 0.002278913245
-0.001966539390 0.002278913245 0.012015686855
0.001955337612 0.001623454898 -0.002554410080
0.001623454898 0.009299975342 0.002727240601
-0.002554410080 0.002727240601 0.014165523058
0.003052119780 0.003110407918 -0.004963236672
0.003110407918 0.017419830675 0.005036076983
-0.004963236672 0.005036076983 0.025880293415
0.004607663159 0.004882937525 -0.007809426665
0.004882937525 0.027240853784 0.007856824825
-0.007809426665 0.007856824825 0.040298543674
0.005542082069 0.005902747842 -0.009437593757
0.005902747842 0.032903402714 0.009480827425
-0.009437593757 0.009480827425 0.048634721402
0.005881827507 0.006273471570 -0.010015883902
0.006273471570 0.034935286104 0.010045745908
-0.010015883902 0.010045745908 0.051583427450
0.005913467017 0.006320331101 -0.010056683247
0.006320331101 0.035120048114 0.010051092060
-0.010056683247 0.010051092060 0.051733219813
0.005778380031 0.006206193317 -0.009794941647
0.006206193317 0.034306895912 0.009705889723
-0.009794941647 0.009705889723 0.050246393746
0.005516258270 0.006002046400 -0.009271164173
0.006002046400 0.032728136451 0.008976723720
-0.009271164173 0.008976723720 0.047209279682
0.005163672618 0.005830199954 -0.008469430778
0.005830199954 0.030592551118 0.007635094724
-0.008469430778 0.007635094724 0.042192627881
0.004923744813 0.006140902655 -0.007523910368
0.006140902655 0.029099267141 0.005232866227
-0.007523910368 0.005232866227 0.034943313375
0.005471422818 0.008187350305 -0.007120751482
0.008187350305 0.032283877528 0.001162884214
-0.007120751482 0.001162884214 0.026917247566
0.007901742865 0.013808020904 -0.008587363124
0.013808020904 0.046781141209 -0.004793942270
-0.008587363124 -0.004793942270 0.022511728615
0.012239976511 0.022768700191 -0.012286410149
0.022768700191 0.072928042385 -0.011478579206
-0.012286410149 -0.011478579206 0.024969104378
0.016548340030 0.031398828210 -0.016334790631
0.031398828210 0.099185919530 -0.016843181587
-0.016334790631 -0.016843181587 0.030931033715
0.019323226292 0.036990779596 -0.019045714535
0.036990779596 0.116385297316 -0.020045972940
-0.019045714535 -0.020045972940 0.035683667970
0.020709435146 0.039881480280 -0.020429279446
0.039881480280 0.125227314351 -0.021655333868
-0.020429279446 -0.021655333868 0.038267905059
0.021349649690 0.041302095586 -0.021080580370
0.041302095586 0.129501905662 -0.022443800151
-0.021080580370 -0.022443800151 0.039524900785
0.021664701498 0.042056657328 -0.021407597113
0.042056657328 0.131726078449 -0.022865131862
-0.021407597113 -0.022865131862 0.040171396663
0.021837902307 0.042497598131 -0.021590302494
0.042497598131 0.133005324732 -0.023112828383
-0.021590302494 -0.023112828383 0.040538715902
0.021934208098 0.042750972998 -0.021692801779
0.042750972998 0.133734340172 -0.023255625653
-0.021692801779 -0.023255625653 0.040746606159
0.021973503832 0.042855862188 -0.021734790853
0.042855862188 0.134035050448 -0.023314822922
-0.021734790853 -0.023314822922 0.040832097070
0.021961000583 0.042822645586 -0.021721447422
0.042822645586 0.133939708871 -0.023296084178
-0.021721447422 -0.023296084178 0.040804963811
0.021897568617 0.042652944773 -0.021653622787
0.042652944773 0.133453459363 -0.023200284598
-0.021653622787 -0.023200284598 0.040666788237
0.021782650447 0.042345281509 -0.021530718221
0.042345281509 0.132572053494 -0.023026585514
-0.021530718221 -0.023026585514 0.040416355604
0.021614716016 0.041895990933 -0.021351130404
0.041895990933 0.131284675505 -0.022772924105
-0.021351130404 -0.022772924105 0.040050500028
0.021390805894 0.041298400772 -0.021111781430
0.041298400772 0.129571285438 -0.022435541124
-0.021111781430 -0.022435541124 0.039563247601
0.021105459950 0.040540904499 -0.020806990993
0.040540904499 0.127396362389 -0.022007841640
-0.020806990993 -0.022007841640 0.038943768172
0.020748924864 0.039603828183 -0.020426465154
0.039603828183 0.124698517347 -0.021478383477
-0.020426465154 -0.021478383477 0.038172788707
0.020304524604 0.038455082870 -0.019951908355
0.038455082870 0.121375392742 -0.020827518884
-0.019951908355 -0.020827518884 0.037216754903
0.019745643172 0.037045891102 -0.019351569182
0.037045891102 0.117266454860 -0.020021990179
-0.019351569182 -0.020021990179 0.036019040361
0.019034849412 0.035312213258 -0.018572033737
0.035312213258 0.112147726259 -0.019006602829
-0.018572033737 -0.019006602829 0.034488542083
0.018133452529 0.033198906457 -0.017527285464
0.033198906457 0.105783447925 -0.017692098698
-0.017527285464 -0.017692098698 0.032489930300
0.017042179559 0.030747077725 -0.016087590920
0.030747077725 0.098144508117 -0.015938818922
-0.016087590920 -0.015938818922 0.029850162879
0.015909723025 0.028312521912 -0.014076851690
0.028312521912 0.089982747386 -0.013537590241
-0.014076851690 -0.013537590241 0.026414897820
0.015231933997 0.026946307186 -0.011296870086
0.026946307186 0.083862623042 -0.010196375872
-0.011296870086 -0.010196375872 0.022200959899
0.016029709324 0.028697087845 -0.007602229941
0.028697087845 0.085035741403 -0.005564439695
-0.007602229941 -0.005564439695 0.017632566562
0.019625478355 0.036096012727 -0.003025569970
0.036096012727 0.100196509826 0.000635185772
-0.003025569970 0.000635185772 0.013647881144
0.026721350904 0.050324744749 0.002119692012
0.050324744749 0.132729352657 0.008330071930
0.002119692012 0.008330071930 0.011328088095
0.036483106022 0.069533565943 0.007288784308
0.069533565943 0.178227338537 0.016883482420
0.007288784308 0.016883482420 0.011160826916
0.046894553927 0.089695311070 0.011932375985
0.089695311070 0.226573030432 0.025283737588
0.011932375985 0.025283737588 0.012721999502
0.056105837737 0.107271933905 0.015721547219
0.107271933905 0.268792309804 0.032648302934
0.015721547219 0.032648302934 0.015118783687
0.063274777670 0.120762490376 0.018596554653
0.120762490376 0.301070967261 0.038549941864
0.018596554653 0.038549941864 0.017581684602
0.068441274746 0.130367401862 0.020670327848
0.130367401862 0.323918196621 0.042975685689
0.020670327848 0.042975685689 0.019687074336
0.072046811128 0.137022039546 0.022113072247
0.137022039546 0.339702956572 0.046124474506
0.022113072247 0.046124474506 0.021285508666
0.074586786109 0.141727599306 0.023083734468
0.141727599306 0.350952320148 0.048243268603
0.023083734468 0.048243268603 0.022368696306
0.076465932069 0.145285765770 0.023705696561
0.145285765770 0.359682234936 0.049547486876
0.023705696561 0.049547486876 0.022978723556
0.077966766078 0.148249333138 0.024064167936
0.148249333138 0.367277191694 0.050195615850
0.024064167936 0.050195615850 0.023163716727
0.079248759503 0.150926626085 0.024207481476
0.150926626085 0.374503688195 0.050282079231
0.024207481476 0.050282079231 0.022959873715
0.080331080997 0.153346434424 0.024140639281
0.153346434424 0.381416185602 0.049824908789
0.024140639281 0.049824908789 0.022388527389
0.081038400957 0.155130170458 0.023799093985
0.155130170458 0.386999683009 0.048737490797
0.023799093985 0.048737490797 0.021486764291
0.080946753353 0.155283136854 0.022980153460
0.155283136854 0.388493478060 0.046801876442
0.022980153460 0.046801876442 0.020488774688
0.079591295708 0.152205237698 0.021182101993
0.152205237698 0.380866439348 0.043761784707
0.021182101993 0.043761784707 0.020591529485
0.077792920055 0.145080751408 0.017272041010
0.145080751408 0.358688013507 0.039904027495
0.017272041010 0.039904027495 0.026393965794
0.081236020626 0.138554256248 0.009063118317
0.138554256248 0.324849105507 0.037588357554
0.009063118317 0.037588357554 0.050749301639
0.103336766491 0.147929967970 -0.006263089889
0.147929967970 0.303284450578 0.042456331555
-0.006263089889 0.042456331555 0.115964731215
0.156181617395 0.190434157991 -0.029350686533
0.190434157991 0.329082369407 0.059724226004
-0.029350686533 0.059724226004 0.235793061693
0.232415773758 0.262364188415 -0.055899559166
0.262364188415 0.407443852155 0.086816791294
-0.055899559166 0.086816791294 0.389424474694
0.308840045949 0.339373817782 -0.079529596359
0.339373817782 0.505086981918 0.114721518883
-0.079529596359 0.114721518883 0.534507231698
0.368523484729 0.401466052137 -0.096834605779
0.401466052137 0.588971048436 0.136730924012
-0.096834605779 0.136730924012 0.644234491820
0.408291411195 0.443534111140 -0.107965134461
0.443534111140 0.647594127928 0.151450527662
-0.107965134461 0.151450527662 0.716061619005
0.431948682475 0.468772912840 -0.114458791323
0.468772912840 0.683325750301 0.160214338481
-0.114458791323 0.160214338481 0.758364873504
0.443875097142 0.481508063879 -0.117696046721
0.481508063879 0.701458927960 0.164615341821
-0.117696046721 0.164615341821 0.779549700142
0.446549575008 0.484190007151 -0.118400951049
0.484190007151 0.705132130710 0.165526604283
-0.118400951049 0.165526604283 0.784152031814
0.440091583772 0.476599207659 -0.116568630738
0.476599207659 0.693732986615 0.162842022399
-0.116568630738 0.162842022399 0.772103512133
0.422670562358 0.455719778675 -0.111488080202
0.455719778675 0.662306594587 0.155362465422
-0.111488080202 0.155362465422 0.738883548998
0.392855036065 0.416700959013 -0.102010250041
0.416700959013 0.602111227809 0.140859913146
-0.102010250041 0.140859913146 0.677602132509
0.357648643965 0.357774426079 -0.087793036352
0.357774426079 0.505849748340 0.117102519321
-0.087793036352 0.117102519321 0.588073860013
0.347682432746 0.291940202228 -0.072207031278
0.291940202228 0.382268518557 0.085018854631
-0.072207031278 0.085018854631 0.497121082669
0.417493730195 0.253824698614 -0.063952408171
0.253824698614 0.269443113165 0.052184050490
-0.063952408171 0.052184050490 0.467818115749
0.591516403682 0.272503021749 -0.070116989232
0.272503021749 0.211010506230 0.028988559515
-0.070116989232 0.028988559515 0.546525984139
0.813232944128 0.333234426378 -0.086658447141
0.333234426378 0.208947062501 0.018490426637
-0.086658447141 0.018490426637 0.696104406834
1.002042275597 0.397154816757 -0.103615086923
0.397154816757 0.231104923748 0.015845919215
-0.103615086923 0.015845919215 0.839770628717
1.126101852849 0.442705951415 -0.115592013877
0.442705951415 0.252624138326 0.015940521570
-0.115592013877 0.015940521570 0.938908812483
1.195838735907 0.469237725592 -0.122542433283
0.469237725592 0.266536136186 0.016471627792
-0.122542433283 0.016471627792 0.995873318759
1.231694067917 0.483103098055 -0.126168695257
0.483103098055 0.274128043194 0.016860269441
-0.126168695257 0.016860269441 1.025460732621
1.249215098990 0.489930011621 -0.127952808449
0.489930011621 0.277938776665 0.017076738746
-0.127952808449 0.017076738746 1.039987597387
1.257519024612 0.493176963432 -0.128801053637
0.493176963432 0.279767181614 0.017185214294
-0.128801053637 0.017185214294 1.046887684869
1.261375146097 0.494687213887 -0.129195532976
0.494687213887 0.280621050843 0.017236852798
-0.129195532976 0.017236852798 1.050095175227
1.263138414828 0.495378312691 -0.129376035496
0.495378312691 0.281012503308 0.017260730647
-0.129376035496 0.017260730647 1.051562534365
1.263934238542 0.495690334671 -0.129457527264
0.495690334671 0.281189385738 0.017271561898
-0.129457527264 0.017271561898 1.052224944562
1.264289158586 0.495829510776 -0.129493875780
0.495829510776 0.281268312795 0.017276403285
-0.129493875780 0.017276403285 1.052520393243
1.264445648110 0.495890879721 -0.129509903353
0.495890879721 0.281303121005 0.017278540055
-0.129509903353 0.017278540055 1.052650666474
1.264513879773 0.495917638247 -0.129516891789
0.495917638247 0.281318299431 0.017279472126
-0.129516891789 0.017279472126 1.052707468515
1.264543302430 0.495929177128 -0.129519905357
0.495929177128 0.281324844918 0.017279874127
-0.129519905357 0.017279874127 1.052731962722
1.264555851093 0.495934098449 -0.129521190640
0.495934098449 0.281327636599 0.017280045593
-0.129521190640 0.017280045593 1.052742409454
