0.004594651019 -0.000967457649 -0.000223211108
-0.000967457649 0.002723777152 0.000714314571
-0.000223211108 0.000714314571 0.002624637934
0.004594651018 -0.000967457649 -0.000223211108
-0.000967457649 0.002723777151 0.000714314571
-0.000223211108 0.000714314571 0.002624637934
0.004594651017 -0.000967457649 -0.000223211108
-0.000967457649 0.002723777151 0.000714314570
-0.000223211108 0.000714314570 0.002624637933
0.004594651015 -0.000967457649 -0.000223211108
-0.000967457649 0.002723777149 0.000714314570
-0.000223211108 0.000714314570 0.002624637932
0.004594651009 -0.000967457647 -0.000223211107
-0.000967457647 0.002723777146 0.000714314569
-0.000223211107 0.000714314569 0.002624637929
0.004594650994 -0.000967457644 -0.000223211107
-0.000967457644 0.002723777137 0.000714314567
-0.000223211107 0.000714314567 0.002624637920
0.004594650951 -0.000967457635 -0.000223211105
-0.000967457635 0.002723777112 0.000714314560
-0.000223211105 0.000714314560 0.002624637895
0.004594650815 -0.000967457606 -0.000223211098
-0.000967457606 0.002723777031 0.000714314539
-0.000223211098 0.000714314539 0.002624637818
0.004594650366 -0.000967457512 -0.000223211076
-0.000967457512 0.002723776765 0.000714314469
-0.000223211076 0.000714314469 0.002624637561
0.004594648849 -0.000967457193 -0.000223211002
-0.000967457193 0.002723775866 0.000714314233
-0.000223211002 0.000714314233 0.002624636695
0.004594643715 -0.000967456111 -0.000223210753
-0.000967456111 0.002723772822 0.000714313435
-0.000223210753 0.000714313435 0.002624633762
0.004594626480 -0.000967452483 -0.000223209916
-0.000967452483 0.002723762605 0.000714310756
-0.000223209916 0.000714310756 0.002624623917
0.004594569521 -0.000967440490 -0.000223207148
-0.000967440490 0.002723728841 0.000714301899
-0.000223207148 0.000714301899 0.002624591380
0.004594383406 -0.000967401313 -0.000223198103
-0.000967401313 0.002723618530 0.000714272953
-0.000223198103 0.000714272953 0.002624485072
0.004593749765 -0.000967268016 -0.000223167277
-0.000967268016 0.002723243119 0.000714174320
-0.000223167277 0.000714174320 0.002624123195
0.004591027206 -0.000966695973 -0.000223034608
-0.000966695973 0.002721631319 0.000713749858
-0.000223034608 0.000713749858 0.002622568760
0.004573710821 -0.000963064482 -0.000222190940
-0.000963064482 0.002711389580 0.000711047859
-0.000222190940 0.000711047859 0.002612683151
0.004450335658 -0.000937501340 -0.000216288491
-0.000937501340 0.002638762849 0.000691878545
-0.000216288491 0.000691878545 0.002542161746
0.003807933084 -0.000816056318 -0.000189932309
-0.000816056318 0.002273200537 0.000595686820
-0.000189932309 0.000595686820 0.002171215723
0.002410929026 -0.000699208814 -0.000188616822
-0.000699208814 0.001636625318 0.000433539883
-0.000188616822 0.000433539883 0.001316219552
0.002033067086 -0.001156675756 -0.000374739020
-0.001156675756 0.001990048650 0.000546787982
-0.000374739020 0.000546787982 0.000923821976
0.002551489870 -0.001737118341 -0.000578692720
-0.001737118341 0.002804775285 0.000777091297
-0.000578692720 0.000777091297 0.001065957560
0.002876459857 -0.002013247829 -0.000666663705
-0.002013247829 0.003227538305 0.000881584205
-0.000666663705 0.000881584205 0.001192766366
0.002915346258 -0.002067715413 -0.000653798745
-0.002067715413 0.003332202910 0.000843577155
-0.000653798745 0.000843577155 0.001244127405
0.002802728646 -0.002086545503 -0.000486830400
-0.002086545503 0.003486004854 0.000516555346
-0.000486830400 0.000516555346 0.001409296211
0.003601938136 -0.003224629474 0.000167546976
-0.003224629474 0.006047812819 -0.000980689378
0.000167546976 -0.000980689378 0.003002852834
0.009103036849 -0.009206751924 0.001952553415
-0.009206751924 0.018321689769 -0.005652692072
0.001952553415 -0.005652692072 0.009888381061
0.016472694572 -0.016854834951 0.003805474055
-0.016854834951 0.033704502527 -0.010796589844
0.003805474055 -0.010796589844 0.018304588800
0.019348423206 -0.019807091919 0.004481233168
-0.019807091919 0.039614346145 -0.012706368544
0.004481233168 -0.012706368544 0.021518224952
0.019966231376 -0.020439849217 0.004624307357
-0.020439849217 0.040880397594 -0.013113142275
0.004624307357 -0.013113142275 0.022206362338
0.020060959381 -0.020536220165 0.004645547366
-0.020536220165 0.041074061378 -0.013175569775
0.004645547366 -0.013175569775 0.022312443963
0.020005218257 -0.020477826791 0.004631256668
-0.020477826791 0.040959004559 -0.013139088075
0.004631256668 -0.013139088075 0.022251632718
0.019850867342 -0.020317166134 0.004592787089
-0.020317166134 0.040641019172 -0.013037762417
0.004592787089 -0.013037762417 0.022082169569
0.019582822238 -0.020037288087 0.004525079239
-0.020037288087 0.040088009751 -0.012861420347
0.004525079239 -0.012861420347 0.021788396777
0.019152044972 -0.019584372657 0.004413033399
-0.019584372657 0.039196515983 -0.012576866248
0.004413033399 -0.012576866248 0.021318246747
0.018473270411 -0.018862228666 0.004227676738
-0.018862228666 0.037784106288 -0.012124760579
0.004227676738 -0.012124760579 0.020582500193
0.017421679797 -0.017720807960 0.003916963819
-0.017720807960 0.035574653950 -0.011412232243
0.003916963819 -0.011412232243 0.019455073455
0.015855957265 -0.015960522110 0.003390920985
-0.015960522110 0.032225525750 -0.010312488033
0.003390920985 -0.010312488033 0.017806584289
0.013726420754 -0.013404413750 0.002506115876
-0.013404413750 0.027505671057 -0.008695645916
0.002506115876 -0.008695645916 0.015635765596
0.011331797795 -0.010116064989 0.001077069183
-0.010116064989 0.021760804851 -0.006522835506
0.001077069183 -0.006522835506 0.013353953397
0.009569510113 -0.006702960364 -0.001018387185
-0.006702960364 0.016446916325 -0.003971635367
-0.001018387185 -0.003971635367 0.012004837115
0.009551982983 -0.004219845772 -0.003618231201
-0.004219845772 0.013647001302 -0.001408605195
-0.003618231201 -0.001408605195 0.012708937212
0.011454670132 -0.003317803506 -0.006193366632
-0.003317803506 0.014135907578 0.000874828222
-0.006193366632 0.000874828222 0.015363868089
0.014224334555 -0.003671647086 -0.008195355608
-0.003671647086 0.016593494768 0.002813005872
-0.008195355608 0.002813005872 0.018565940039
0.016749359094 -0.004546896745 -0.009449736826
-0.004546896745 0.019295629809 0.004443968515
-0.009449736826 0.004443968515 0.021100420275
0.018629443517 -0.005466728924 -0.010112389605
-0.005466728924 0.021452417027 0.005810689040
-0.010112389605 0.005810689040 0.022689431931
0.019952041838 -0.006273881145 -0.010418999924
-0.006273881145 0.023021774574 0.006957864862
-0.010418999924 0.006957864862 0.023580927422
0.020913935832 -0.006957560668 -0.010546345784
-0.006957560668 0.024184697283 0.007931624823
-0.010546345784 0.007931624823 0.024078682176
0.021664320917 -0.007541650752 -0.010595627900
-0.007541650752 0.025101107758 0.008770327297
-0.010595627900 0.008770327297 0.024384931950
0.022288213507 -0.008047772810 -0.010616409288
-0.008047772810 0.025866419780 0.009500500151
-0.010616409288 0.009500500151 0.024605949348
0.022827267453 -0.008489489337 -0.010630011594
-0.008489489337 0.026528381090 0.010138493845
-0.010630011594 0.010138493845 0.024789651235
0.023299590460 -0.008874340631 -0.010644078593
-0.008874340631 0.027108086261 0.010693869143
-0.010644078593 0.010693869143 0.024954264570
0.023711968695 -0.009206416833 -0.010660229660
-0.009206416833 0.027613641067 0.011172258923
-0.010660229660 0.011172258923 0.025104534958
0.024066265960 -0.009488045137 -0.010677724677
-0.009488045137 0.028047450353 0.011577195297
-0.010677724677 0.011577195297 0.025239763244
0.024362444676 -0.009720684474 -0.010695096582
-0.009720684474 0.028409687079 0.011911095545
-0.010695096582 0.011911095545 0.025357455848
0.024599762470 -0.009905296994 -0.010710781045
-0.009905296994 0.028699670806 0.012175675635
-0.010710781045 0.012175675635 0.025454744848
0.024776409861 -0.010042163705 -0.010722996414
-0.010042163705 0.028915439051 0.012371707862
-0.010722996414 0.012371707862 0.025528076886
0.024884474282 -0.010128816687 -0.010727582432
-0.010128816687 0.029047862154 0.012496462189
-0.010727582432 0.012496462189 0.025568070220
0.024884612858 -0.010149652834 -0.010706896015
-0.010149652834 0.029050938569 0.012530857133
-0.010706896015 0.012530857133 0.025533668997
0.024609062952 -0.010035524891 -0.010582809985
-0.010035524891 0.028725439681 0.012389151749
-0.010582809985 0.012389151749 0.025255175151
0.023525222033 -0.009553824712 -0.010031054802
-0.009553824712 0.027393129629 0.011776592697
-0.010031054802 0.011776592697 0.024232203004
0.020852440569 -0.008221290304 -0.007730393301
-0.008221290304 0.023554179294 0.010015699847
-0.007730393301 0.010015699847 0.022151717533
0.018547680043 -0.005958036779 0.000595705693
-0.005958036779 0.016422578856 0.006578635084
0.000595705693 0.006578635084 0.023596653828
0.023833273315 -0.004283786019 0.020013568465
-0.004283786019 0.009511666804 0.002646111854
0.020013568465 0.002646111854 0.040133514726
0.036862517309 -0.004261315361 0.044677332935
-0.004261315361 0.006475052663 0.000018970008
0.044677332935 0.000018970008 0.068994755776
0.048957245476 -0.004929210246 0.063633550394
-0.004929210246 0.006034198463 -0.001232263726
0.063633550394 -0.001232263726 0.093776178442
0.056041623071 -0.005441409804 0.074013211108
-0.005441409804 0.006233294164 -0.001751882686
0.074013211108 -0.001751882686 0.107918211852
0.058237144519 -0.005584312079 0.077210407835
-0.005584312079 0.006395346308 -0.001920696848
0.077210407835 -0.001920696848 0.112265574068
0.055565673407 -0.005259751872 0.073534850697
-0.005259751872 0.006585410921 -0.001860985946
0.073534850697 -0.001860985946 0.106938020512
0.046778904377 -0.004192086794 0.060811057649
-0.004192086794 0.008056777987 -0.001560904299
0.060811057649 -0.001560904299 0.088973597236
0.032406191639 -0.001908486729 0.037325047019
-0.001908486729 0.016436639879 -0.001025182213
0.037325047019 -0.001025182213 0.057056433689
0.022446341352 0.001553966065 0.012046472533
0.001553966065 0.042676276440 -0.000554803867
0.012046472533 -0.000554803867 0.026322450003
0.025202372711 0.004720208425 -0.000693048627
0.004720208425 0.080216088903 -0.000470603667
-0.000693048627 -0.000470603667 0.015937315822
0.030872505030 0.006407111021 -0.003809789954
0.006407111021 0.105019170035 -0.000547606566
-0.003809789954 -0.000547606566 0.016677194016
0.033572948644 0.007021377385 -0.004390833920
0.007021377385 0.114779558228 -0.000593840879
-0.004390833920 -0.000593840879 0.017894660608
0.034455528533 0.007209381571 -0.004520163137
0.007209381571 0.117831614872 -0.000609533703
-0.004520163137 -0.000609533703 0.018350643018
0.034729779232 0.007266998045 -0.004556648361
0.007266998045 0.118771471829 -0.000614427339
-0.004556648361 -0.000614427339 0.018495910888
0.034827219823 0.007287416408 -0.004569419915
0.007287416408 0.119104902207 -0.000616160208
-0.004569419915 -0.000616160208 0.018547727626
0.034869500538 0.007296269940 -0.004574957360
0.007296269940 0.119249540743 -0.000616909594
-0.004574957360 -0.000616909594 0.018570226855
0.034890852252 0.007300739371 -0.004577755326
0.007300739371 0.119322574025 -0.000617287333
-0.004577755326 -0.000617287333 0.018581592241
0.034902572380 0.007303192209 -0.004579291818
0.007303192209 0.119362659709 -0.000617494527
-0.004579291818 -0.000617494527 0.018587831922
0.034909312602 0.007304602692 -0.004580175691
0.007304602692 0.119385711958 -0.000617613661
-0.004580175691 -0.000617613661 0.018591420749
0.034913320271 0.007305441310 -0.004580701319
0.007305441310 0.119399418269 -0.000617684499
-0.004580701319 -0.000617684499 0.018593554775
0.034915773289 0.007305954600 -0.004581023080
0.007305954600 0.119407807525 -0.000617727862
-0.004581023080 -0.000617727862 0.018594861028
0.034917315574 0.007306277316 -0.004581225394
0.007306277316 0.119413082056 -0.000617755129
-0.004581225394 -0.000617755129 0.018595682330
0.034918309432 0.007306485276 -0.004581355772
0.007306485276 0.119416480977 -0.000617772701
-0.004581355772 -0.000617772701 0.018596211592
0.034918963830 0.007306622205 -0.004581441621
0.007306622205 0.119418718965 -0.000617784273
-0.004581441621 -0.000617784273 0.018596560085
