0.001298959842 -0.000121422780 -0.000082595445
-0.000121422780 0.001064042740 0.000011075799
-0.000082595445 0.000011075799 0.001057351765
0.001298959842 -0.000121422780 -0.000082595445
-0.000121422780 0.001064042740 0.000011075799
-0.000082595445 0.000011075799 0.001057351765
0.001298959842 -0.000121422780 -0.000082595445
-0.000121422780 0.001064042740 0.000011075799
-0.000082595445 0.000011075799 0.001057351765
0.001298959842 -0.000121422780 -0.000082595445
-0.000121422780 0.001064042740 0.000011075799
-0.000082595445 0.000011075799 0.001057351765
0.001298959842 -0.000121422780 -0.000082595445
-0.000121422780 0.001064042740 0.000011075799
-0.000082595445 0.000011075799 0.001057351765
0.001298959842 -0.000121422780 -0.000082595445
-0.000121422780 0.001064042740 0.000011075799
-0.000082595445 0.000011075799 0.001057351765
0.001298959842 -0.000121422780 -0.000082595445
-0.000121422780 0.001064042740 0.000011075799
-0.000082595445 0.000011075799 0.001057351765
0.001298959842 -0.000121422780 -0.000082595445
-0.000121422780 0.001064042740 0.000011075799
-0.000082595445 0.000011075799 0.001057351765
0.001298959841 -0.000121422780 -0.000082595445
-0.000121422780 0.001064042740 0.000011075799
-0.000082595445 0.000011075799 0.001057351764
0.001298959839 -0.000121422780 -0.000082595445
-0.000121422780 0.001064042738 0.000011075799
-0.000082595445 0.000011075799 0.001057351763
0.001298959819 -0.000121422778 -0.000082595444
-0.000121422778 0.001064042721 0.000011075799
-0.000082595444 0.000011075799 0.001057351746
0.001298959646 -0.000121422762 -0.000082595433
-0.000121422762 0.001064042579 0.000011075797
-0.000082595433 0.000011075797 0.001057351605
0.001298958327 -0.000121422638 -0.000082595349
-0.000121422638 0.001064041499 0.000011075786
-0.000082595349 0.000011075786 0.001057350532
0.001298949373 -0.000121421801 -0.000082594780
-0.000121421801 0.001064034164 0.000011075710
-0.000082594780 0.000011075710 0.001057343243
0.001298895096 -0.000121416728 -0.000082591328
-0.000121416728 0.001063989704 0.000011075247
-0.000082591328 0.000011075247 0.001057299062
0.001298601631 -0.000121389297 -0.000082572668
-0.000121389297 0.001063749308 0.000011072745
-0.000082572668 0.000011072745 0.001057060176
0.001297188227 -0.000121257217 -0.000082482793
-0.000121257217 0.001062591420 0.000011060705
-0.000082482793 0.000011060705 0.001055909538
0.001291149875 -0.000120693550 -0.000082098798
-0.000120693550 0.001057643230 0.000011009432
-0.000082098798 0.000011009432 0.001050991846
0.001268579707 -0.000118595616 -0.000080663027
-0.000118595616 0.001039126340 0.000010820240
-0.000080663027 0.000010820240 0.001032582010
0.001197794548 -0.000112116433 -0.000076154804
-0.000112116433 0.000980811476 0.000010254475
-0.000076154804 0.000010254475 0.000974524934
0.001031035169 -0.000097654833 -0.000065491585
-0.000097654833 0.000841498788 0.000009142022
-0.000065491585 0.000009142022 0.000835196570
0.000801916580 -0.000081890848 -0.000050623375
-0.000081890848 0.000640208040 0.000008741295
-0.000050623375 0.000008741295 0.000630696782
0.000723550563 -0.000089605564 -0.000044843580
-0.000089605564 0.000539810920 0.000012204417
-0.000044843580 0.000012204417 0.000519026174
0.000886234402 -0.000125670410 -0.000054082928
-0.000125670410 0.000622866174 0.000019320888
-0.000054082928 0.000019320888 0.000585049555
0.001115965509 -0.000164751966 -0.000067757753
-0.000164751966 0.000768667969 0.000026116136
-0.000067757753 0.000026116136 0.000715997929
0.001288149431 -0.000192096092 -0.000078110243
-0.000192096092 0.000882634788 0.000030674213
-0.000078110243 0.000030674213 0.000820344181
0.001392011766 -0.000208164686 -0.000084377450
-0.000208164686 0.000952404585 0.000033306769
-0.000084377450 0.000033306769 0.000884641183
0.001446596253 -0.000216522678 -0.000087675360
-0.000216522678 0.000989281273 0.000034666208
-0.000087675360 0.000034666208 0.000918709047
0.001458130572 -0.000218327122 -0.000088362948
-0.000218327122 0.000996990111 0.000034959445
-0.000088362948 0.000034959445 0.000925794445
0.001394486121 -0.000208915408 -0.000084382323
-0.000208915408 0.000953328739 0.000033392343
-0.000084382323 0.000033392343 0.000885146486
0.001164225537 -0.000175589133 -0.000068891801
-0.000175589133 0.000794862449 0.000027264150
-0.000068891801 0.000027264150 0.000736996193
0.000838110670 -0.000135173450 -0.000037873483
-0.000135173450 0.000564401650 0.000014990296
-0.000037873483 0.000014990296 0.000515681744
0.000973573220 -0.000178979602 -0.000014659445
-0.000178979602 0.000636053563 0.000005811122
-0.000014659445 0.000005811122 0.000561774043
0.001401926308 -0.000265603495 -0.000010592795
-0.000265603495 0.000908877245 0.000004210064
-0.000010592795 0.000004210064 0.000795572729
0.001640729021 -0.000311688498 -0.000011273837
-0.000311688498 0.001062941249 0.000004483403
-0.000011273837 0.000004483403 0.000929658169
0.001722160903 -0.000327232903 -0.000011733985
-0.000327232903 0.001115629349 0.000004666699
-0.000011733985 0.000004666699 0.000975671081
0.001733102217 -0.000329323434 -0.000011794356
-0.000329323434 0.001122706648 0.000004690376
-0.000011794356 0.000004690376 0.000981851396
0.001682406194 -0.000319755450 -0.000011377168
-0.000319755450 0.001089805644 0.000004519344
-0.000011377168 0.000004519344 0.000953038185
0.001495384901 -0.000285022288 -0.000009215855
-0.000285022288 0.000967913060 0.000003595894
-0.000009215855 0.000003595894 0.000845947880
0.001106601884 -0.000218613152 0.000001677010
-0.000218613152 0.000709191968 -0.000001329439
0.000001677010 -0.000001329439 0.000615134418
0.001017484791 -0.000234163119 0.000038159819
-0.000234163119 0.000621590025 -0.000018419516
0.000038159819 -0.000018419516 0.000518722438
0.001539464353 -0.000379064718 0.000085096997
-0.000379064718 0.000917690284 -0.000040718587
0.000085096997 -0.000040718587 0.000749808001
0.001918245776 -0.000475184082 0.000109184117
-0.000475184082 0.001140863622 -0.000052216289
0.000109184117 -0.000052216289 0.000930265206
0.002043608301 -0.000506433424 0.000116534811
-0.000506433424 0.001215243184 -0.000055729865
0.000116534811 -0.000055729865 0.000990785372
0.002065954163 -0.000511984533 0.000117824815
-0.000511984533 0.001228520409 -0.000056346880
0.000117824815 -0.000056346880 0.001001601904
0.002037258039 -0.000504888692 0.000116213312
-0.000504888692 0.001211456426 -0.000055578233
0.000116213312 -0.000055578233 0.000987685080
0.001928330658 -0.000478036839 0.000110233021
-0.000478036839 0.001146690416 -0.000052737584
0.000110233021 -0.000052737584 0.000934841359
0.001640546232 -0.000407989901 0.000095890563
-0.000407989901 0.000975627922 -0.000046050707
0.000095890563 -0.000046050707 0.000795013660
0.001187125565 -0.000303976414 0.000083629232
-0.000303976414 0.000706451006 -0.000041317017
0.000083629232 -0.000041317017 0.000573178482
0.001158320417 -0.000323567684 0.000125499612
-0.000323567684 0.000690761743 -0.000064956449
0.000125499612 -0.000064956449 0.000552778893
0.001664767131 -0.000480793704 0.000206021129
-0.000480793704 0.000993634578 -0.000107755274
0.000206021129 -0.000107755274 0.000790681236
0.002011442940 -0.000582844041 0.000252075189
-0.000582844041 0.001200674277 -0.000131964473
0.000252075189 -0.000131964473 0.000954889276
0.002120092723 -0.000614455675 0.000265930961
-0.000614455675 0.001265582093 -0.000139229267
0.000265930961 -0.000139229267 0.001006482919
0.002122991358 -0.000615253379 0.000266301017
-0.000615253379 0.001267424454 -0.000139428443
0.000266301017 -0.000139428443 0.001007983676
0.002073484771 -0.000600762046 0.000260064821
-0.000600762046 0.001238176747 -0.000136176651
0.000260064821 -0.000136176651 0.000984828802
0.001969304513 -0.000570132381 0.000246914357
-0.000570132381 0.001176911913 -0.000129331589
0.000246914357 -0.000129331589 0.000936425566
0.001779269525 -0.000513614101 0.000222804713
-0.000513614101 0.001066533952 -0.000116841066
0.000222804713 -0.000116841066 0.000849700837
0.001468533833 -0.000418664400 0.000182904585
-0.000418664400 0.000891437132 -0.000096399945
0.000182904585 -0.000096399945 0.000714034419
0.001085158555 -0.000292619994 0.000132001110
-0.000292619994 0.000694329717 -0.000071119824
0.000132001110 -0.000071119824 0.000568222278
0.000863833532 -0.000195045702 0.000097941680
-0.000195045702 0.000633287603 -0.000056356639
0.000097941680 -0.000056356639 0.000544173699
0.000967052381 -0.000179888287 0.000102400210
-0.000179888287 0.000790743056 -0.000062828927
0.000102400210 -0.000062828927 0.000702423901
0.001182814556 -0.000207649667 0.000122916428
-0.000207649667 0.000993479247 -0.000076762692
0.000122916428 -0.000076762692 0.000889136234
0.001316860302 -0.000229287599 0.000136489442
-0.000229287599 0.001110096407 -0.000085449146
0.000136489442 -0.000085449146 0.000994492062
0.001370615974 -0.000238440732 0.000142022171
-0.000238440732 0.001155851123 -0.000088935867
0.000142022171 -0.000088935867 0.001035589157
0.001387913432 -0.000241431748 0.000143811100
-0.000241431748 0.001170476806 -0.000090058132
0.000143811100 -0.000090058132 0.001048702511
0.001392778792 -0.000242276768 0.000144314984
-0.000242276768 0.001174582753 -0.000090373824
0.000144314984 -0.000090373824 0.001052381969
0.001394012725 -0.000242491333 0.000144442825
-0.000242491333 0.001175623547 -0.000090453890
0.000144442825 -0.000090453890 0.001053314523
0.001394297795 -0.000242540917 0.000144472362
-0.000242540917 0.001175863966 -0.000090472388
0.000144472362 -0.000090472388 0.001053529932
0.001394357974 -0.000242551385 0.000144478597
-0.000242551385 0.001175914718 -0.000090476293
0.000144478597 -0.000090476293 0.001053575404
0.001394369523 -0.000242553394 0.000144479794
-0.000242553394 0.001175924458 -0.000090477042
0.000144479794 -0.000090477042 0.001053584130
0.001394370537 -0.000242553571 0.000144479899
-0.000242553571 0.001175925313 -0.000090477108
0.000144479899 -0.000090477108 0.001053584897
0.001394358857 -0.000242551539 0.000144478689
-0.000242551539 0.001175915463 -0.000090476350
0.000144478689 -0.000090476350 0.001053576071
0.001394243560 -0.000242531483 0.000144466742
-0.000242531483 0.001175818229 -0.000090468869
0.000144466742 -0.000090468869 0.001053488953
0.001393324067 -0.000242371530 0.000144371471
-0.000242371530 0.001175042778 -0.000090409205
0.000144371471 -0.000090409205 0.001052794189
0.001387267261 -0.000241317718 0.000143744049
-0.000241317718 0.001169934506 -0.000090016205
0.000143744049 -0.000090016205 0.001048217874
0.001354960487 -0.000235691072 0.000140401632
-0.000235691072 0.001142678437 -0.000087920239
0.000140401632 -0.000087920239 0.001023813172
0.001226090493 -0.000213138497 0.000127149845
-0.000213138497 0.001033788052 -0.000079564879
0.000127149845 -0.000079564879 0.000926563495
0.000924476212 -0.000159244016 0.000096965981
-0.000159244016 0.000777215894 -0.000060064385
0.000096965981 -0.000060064385 0.000699975827
0.000696131796 -0.000113421248 0.000077870627
-0.000113421248 0.000575203973 -0.000045548846
0.000077870627 -0.000045548846 0.000533043877
0.000815580748 -0.000124508901 0.000097497409
-0.000124508901 0.000660946670 -0.000053777846
0.000097497409 -0.000053777846 0.000632200871
0.001029230374 -0.000154280456 0.000125166119
-0.000154280456 0.000829686957 -0.000068005896
0.000125166119 -0.000068005896 0.000800425405
0.001167649790 -0.000174393855 0.000142474938
-0.000174393855 0.000940286883 -0.000077183256
0.000142474938 -0.000077183256 0.000908656991
0.001238473907 -0.000184813710 0.000151235037
-0.000184813710 0.000997075709 -0.000081872627
0.000151235037 -0.000081872627 0.000963917009
0.001270993905 -0.000189620594 0.000155240582
-0.000189620594 0.001023185910 -0.000084024718
0.000155240582 -0.000084024718 0.000989269891
0.001281172550 -0.000191127743 0.000156492349
-0.000191127743 0.001031362351 -0.000084698186
0.000156492349 -0.000084698186 0.000997202855
0.001273983113 -0.000190063080 0.000155608288
-0.000190063080 0.001025586928 -0.000084222504
0.000155608288 -0.000084222504 0.000991599715
0.001245921184 -0.000185913358 0.000152153197
-0.000185913358 0.001003053313 -0.000082365526
0.000152153197 -0.000082365526 0.000969724036
