0.001173475778 0.000004965589 0.000138637563
0.000004965589 0.001003295078 0.000006361831
0.000138637563 0.000006361831 0.001128690173
0.001173475778 0.000004965589 0.000138637563
0.000004965589 0.001003295078 0.000006361831
0.000138637563 0.000006361831 0.001128690173
0.001173475778 0.000004965589 0.000138637563
0.000004965589 0.001003295078 0.000006361831
0.000138637563 0.000006361831 0.001128690173
0.001173475778 0.000004965589 0.000138637563
0.000004965589 0.001003295078 0.000006361831
0.000138637563 0.000006361831 0.001128690173
0.001173475778 0.000004965589 0.000138637563
0.000004965589 0.001003295078 0.000006361831
0.000138637563 0.000006361831 0.001128690173
0.001173475778 0.000004965589 0.000138637563
0.000004965589 0.001003295078 0.000006361831
0.000138637563 0.000006361831 0.001128690173
0.001173475778 0.000004965589 0.000138637563
0.000004965589 0.001003295078 0.000006361831
0.000138637563 0.000006361831 0.001128690173
0.001173475775 0.000004965589 0.000138637563
0.000004965589 0.001003295076 0.000006361831
0.000138637563 0.000006361831 0.001128690170
0.001173475762 0.000004965589 0.000138637561
0.000004965589 0.001003295065 0.000006361831
0.000138637561 0.000006361831 0.001128690157
0.001173475685 0.000004965589 0.000138637552
0.000004965589 0.001003294998 0.000006361831
0.000138637552 0.000006361831 0.001128690083
0.001173475272 0.000004965587 0.000138637503
0.000004965587 0.001003294646 0.000006361828
0.000138637503 0.000006361828 0.001128689686
0.001173473225 0.000004965578 0.000138637262
0.000004965578 0.001003292896 0.000006361817
0.000138637262 0.000006361817 0.001128687718
0.001173463776 0.000004965538 0.000138636145
0.000004965538 0.001003284817 0.000006361766
0.000138636145 0.000006361766 0.001128678629
0.001173423198 0.000004965366 0.000138631351
0.000004965366 0.001003250124 0.000006361546
0.000138631351 0.000006361546 0.001128639600
0.001173261158 0.000004964680 0.000138612206
0.000004964680 0.001003111582 0.000006360668
0.000138612206 0.000006360668 0.001128483745
0.001172659821 0.000004962126 0.000138541140
0.000004962126 0.001002597430 0.000006357412
0.000138541140 0.000006357412 0.001127905366
0.001170589147 0.000004953242 0.000138296231
0.000004953242 0.001000826779 0.000006346239
0.000138296231 0.000006346239 0.001125913824
0.001164000762 0.000004924057 0.000137514932
0.000004924057 0.000995190940 0.000006311081
0.000137514932 0.000006311081 0.001119578003
0.001144848745 0.000004831057 0.000135225425
0.000004831057 0.000978789666 0.000006212384
0.000135225425 0.000006212384 0.001101167165
0.001095416164 0.000004530030 0.000129179186
0.000004530030 0.000936320570 0.000005983817
0.000129179186 0.000005983817 0.001053699866
0.000989390526 0.000003515255 0.000115382495
0.000003515255 0.000844405311 0.000005652011
0.000115382495 0.000005652011 0.000952205699
0.000825333269 0.000000235955 0.000090198686
0.000000235955 0.000698360306 0.000005872191
0.000090198686 0.000005872191 0.000796624377
0.000694469372 -0.000008194318 0.000057061001
-0.000008194318 0.000568864189 0.000008543557
0.000057061001 0.000008543557 0.000677502882
0.000730995106 -0.000022905789 0.000028012797
-0.000022905789 0.000566855128 0.000015122497
0.000028012797 0.000015122497 0.000725370678
0.000922147150 -0.000039824986 0.000010809376
-0.000039824986 0.000690649064 0.000023768187
0.000010809376 0.000023768187 0.000924415450
0.001140836360 -0.000053848417 0.000003096649
-0.000053848417 0.000844200526 0.000031370235
0.000003096649 0.000031370235 0.001147565395
0.001309837815 -0.000063381439 0.000000063259
-0.000063381439 0.000965779918 0.000036685251
0.000000063259 0.000036685251 0.001318896750
0.001420839056 -0.000069279162 -0.000001113012
-0.000069279162 0.001046447046 0.000040020108
-0.000001113012 0.000040020108 0.001431116756
0.001489163278 -0.000072801099 -0.000001594062
-0.000072801099 0.001096341877 0.000042026326
-0.000001594062 0.000042026326 0.001500098363
0.001528903854 -0.000074819382 -0.000001806268
-0.000074819382 0.001125430499 0.000043180139
-0.000001806268 0.000043180139 0.001540194086
0.001543758582 -0.000075586131 -0.000001920555
-0.000075586131 0.001136271576 0.000043613562
-0.000001920555 0.000043613562 0.001555156992
0.001513156501 -0.000074263520 -0.000002434060
-0.000074263520 0.001113258111 0.000042756447
-0.000002434060 0.000042756447 0.001523722695
0.001374213623 -0.000070002305 -0.000010437739
-0.000070002305 0.001003795790 0.000038852586
-0.000010437739 0.000038852586 0.001374027384
0.001204692617 -0.000085871012 -0.000088020065
-0.000085871012 0.000810583830 0.000034248160
-0.000088020065 0.000034248160 0.001110551790
0.001767149922 -0.000212448931 -0.000407486784
-0.000212448931 0.000944135842 0.000050902032
-0.000407486784 0.000050902032 0.001297340657
0.003135252785 -0.000424847505 -0.000877192692
-0.000424847505 0.001539330982 0.000090690830
-0.000877192692 0.000090690830 0.002117953691
0.004130446990 -0.000567287439 -0.001179980579
-0.000567287439 0.002006322528 0.000119588953
-0.001179980579 0.000119588953 0.002761305478
0.004523774360 -0.000622143655 -0.001294811311
-0.000622143655 0.002194498457 0.000131168141
-0.001294811311 0.000131168141 0.003021617087
0.004532676583 -0.000622847171 -0.001294809851
-0.000622847171 0.002198314964 0.000132138400
-0.001294809851 0.000132138400 0.003031799243
0.004211817898 -0.000575837323 -0.001189847452
-0.000575837323 0.002042211759 0.000125950433
-0.001189847452 0.000125950433 0.002838492689
0.003433786649 -0.000455239127 -0.000905256335
-0.000455239127 0.001662885569 0.000118046506
-0.000905256335 0.000118046506 0.002418170914
0.002198011596 -0.000228660876 -0.000293713640
-0.000228660876 0.001055339299 0.000143368397
-0.000293713640 0.000143368397 0.002007074560
0.001292324554 0.000042280185 0.000630483273
0.000042280185 0.000595202658 0.000274905468
0.000630483273 0.000274905468 0.002467716742
0.001277241950 0.000215253561 0.001405233132
0.000215253561 0.000564570805 0.000457024910
0.001405233132 0.000457024910 0.003679025575
0.001464682677 0.000279539577 0.001746723960
0.000279539577 0.000645098038 0.000555343028
0.001746723960 0.000555343028 0.004404913378
0.001534061073 0.000296054804 0.001825451399
0.000296054804 0.000678467168 0.000579273813
0.001825451399 0.000579273813 0.004562121897
0.001537193964 0.000297939331 0.001810551366
0.000297939331 0.000683873011 0.000574026336
0.001810551366 0.000574026336 0.004482610703
0.001518350312 0.000295671884 0.001764604982
0.000295671884 0.000680412534 0.000558706193
0.001764604982 0.000558706193 0.004316960900
0.001489924125 0.000291742263 0.001703126423
0.000291742263 0.000673471049 0.000538089296
0.001703126423 0.000538089296 0.004105038238
0.001453130411 0.000286330175 0.001627711192
0.000286330175 0.000663480777 0.000512405187
0.001627711192 0.000512405187 0.003853878574
0.001405965392 0.000278529857 0.001535185226
0.000278529857 0.000649368838 0.000479962096
0.001535185226 0.000479962096 0.003563072610
0.001348452835 0.000264886984 0.001418763974
0.000264886984 0.000630782598 0.000437021891
0.001418763974 0.000437021891 0.003234759362
0.001303108056 0.000230190291 0.001267394824
0.000230190291 0.000616658613 0.000377277950
0.001267394824 0.000377277950 0.002891283206
0.001401661793 0.000105514492 0.001064338069
0.000105514492 0.000661041364 0.000295192791
0.001064338069 0.000295192791 0.002621018847
0.002155964656 -0.000375386690 0.000778168711
-0.000375386690 0.000972971810 0.000206440926
0.000778168711 0.000206440926 0.002653136029
0.004903271957 -0.001944988497 0.000329761578
-0.001944988497 0.002091950551 0.000199497377
0.000329761578 0.000199497377 0.003335325367
0.011510172762 -0.005708896060 -0.000426313246
-0.005708896060 0.004757229528 0.000454365742
-0.000426313246 0.000454365742 0.004764933172
0.022268771760 -0.011965537858 -0.001563075342
-0.011965537858 0.009062820813 0.001082662218
-0.001563075342 0.001082662218 0.006411257849
0.034725503358 -0.019377803080 -0.002907258444
-0.019377803080 0.014014914167 0.001952789391
-0.002907258444 0.001952789391 0.007591875505
0.045949848710 -0.026188176493 -0.004171427953
-0.026188176493 0.018453525066 0.002818919652
-0.004171427953 0.002818919652 0.008136585441
0.054520610439 -0.031464055107 -0.005173780648
-0.031464055107 0.021829696010 0.003520971482
-0.005173780648 0.003520971482 0.008267073291
0.060258171906 -0.035027965234 -0.005861621879
-0.035027965234 0.024084336333 0.004007069714
-0.005861621879 0.004007069714 0.008235943501
0.063409655514 -0.036990746198 -0.006242159294
-0.036990746198 0.025321853545 0.004276720568
-0.006242159294 0.004276720568 0.008199423654
0.064245534115 -0.037498483078 -0.006335829745
-0.037498483078 0.025652255724 0.004342326832
-0.006335829745 0.004342326832 0.008235696966
0.062968133167 -0.036666022368 -0.006160861918
-0.036666022368 0.025156882580 0.004215972405
-0.006160861918 0.004215972405 0.008382651521
0.059715048891 -0.034573841561 -0.005731106605
-0.034573841561 0.023890659590 0.003907107287
-0.005731106605 0.003907107287 0.008657542732
0.054560892119 -0.031270723113 -0.005058609837
-0.031270723113 0.021882621525 0.003424178842
-0.005058609837 0.003424178842 0.009052624898
0.047560506907 -0.026812717180 -0.004177061723
-0.026812717180 0.019151690432 0.002790458445
-0.004177061723 0.002790458445 0.009500779277
0.039269487659 -0.021615486707 -0.003291273973
-0.021615486707 0.015911508123 0.002142422884
-0.003291273973 0.002142422884 0.009825316663
0.033121372225 -0.017968230936 -0.003375976571
-0.017968230936 0.013519636639 0.002117980196
-0.003375976571 0.002117980196 0.009825556475
0.039940500955 -0.022798908470 -0.007245271019
-0.022798908470 0.016296467925 0.004541116308
-0.007245271019 0.004541116308 0.009812300874
0.073877912316 -0.044902681518 -0.018339241626
-0.044902681518 0.029921998114 0.011629934714
-0.018339241626 0.011629934714 0.010989980100
0.130223407598 -0.080931588942 -0.034935666762
-0.080931588942 0.052527461151 0.022284773971
-0.034935666762 0.022284773971 0.013912249786
0.181335725485 -0.113113929000 -0.049327184660
-0.113113929000 0.073013857796 0.031589191214
-0.049327184660 0.031589191214 0.017177389963
0.204062095313 -0.126582025549 -0.055149045056
-0.126582025549 0.082049816196 0.035524378694
-0.055149045056 0.035524378694 0.019181899540
0.192710097324 -0.117311188147 -0.050662312652
-0.117311188147 0.077299388465 0.033077794707
-0.050662312652 0.033077794707 0.019662941919
0.154229046782 -0.089058675928 -0.037467722214
-0.089058675928 0.061503896835 0.025401676521
-0.037467722214 0.025401676521 0.019600282721
0.105329986965 -0.052260531681 -0.020392390025
-0.052260531681 0.041383680231 0.015612849960
-0.020392390025 0.015612849960 0.020592964947
0.069801493045 -0.023740295009 -0.008170738829
-0.023740295009 0.026671622467 0.008991608404
-0.008170738829 0.008991608404 0.023892291042
0.066009376727 -0.018368671782 -0.009825882351
-0.018368671782 0.025049028523 0.010762832873
-0.009825882351 0.010762832873 0.029830095773
0.093325741683 -0.036833477912 -0.026728649794
-0.036833477912 0.036364137467 0.021634798815
-0.026728649794 0.021634798815 0.038165388332
0.135988976166 -0.067104127784 -0.051365288981
-0.067104127784 0.054070069887 0.037129708825
-0.051365288981 0.037129708825 0.047796054165
0.177339084224 -0.096409973785 -0.074747010905
-0.096409973785 0.071216067418 0.051819382621
-0.074747010905 0.051819382621 0.056764137888
0.207290017393 -0.117441153420 -0.091445917332
-0.117441153420 0.083618100635 0.062339945535
-0.091445917332 0.062339945535 0.063327588229
0.221664669099 -0.127416398992 -0.099352127785
-0.127416398992 0.089560820935 0.067340599878
-0.099352127785 0.067340599878 0.066547614405
0.219513402750 -0.125752039314 -0.098024059494
-0.125752039314 0.088657988368 0.066529908580
-0.098024059494 0.066529908580 0.066176757030
0.201654855655 -0.112860026291 -0.087781502101
-0.112860026291 0.081235823071 0.060136878193
-0.087781502101 0.060136878193 0.062500688857
0.170838897836 -0.090185862547 -0.069742273956
-0.090185862547 0.068394752913 0.048947432404
-0.069742273956 0.048947432404 0.056432080370
