0.403739034353 -0.126293806668 -0.310840965225
-0.126293806668 0.330644100571 0.116129729438
-0.310840965225 0.116129729438 0.598737311149
0.403152112613 -0.126106392304 -0.310357107848
-0.126106392304 0.330150030352 0.115957494868
-0.310357107848 0.115957494868 0.597858943116
0.402293915572 -0.125829612308 -0.309626642812
-0.125829612308 0.329417972009 0.115703200986
-0.309626642812 0.115703200986 0.596568866532
0.401044080294 -0.125420234889 -0.308510163795
-0.125420234889 0.328329760399 0.115327236677
-0.308510163795 0.115327236677 0.594676932329
0.399244030600 -0.124815880950 -0.306778599223
-0.124815880950 0.326710680052 0.114772566745
-0.306778599223 0.114772566745 0.591921301292
0.396712665034 -0.123930374196 -0.304045253087
-0.123930374196 0.324308760097 0.113960698385
-0.304045253087 0.113960698385 0.587971753545
0.393322137961 -0.122655013559 -0.299636286162
-0.122655013559 0.320778080754 0.112793419555
-0.299636286162 0.112793419555 0.582495231292
0.389236530253 -0.120880858521 -0.292335867974
-0.120880858521 0.315690365861 0.111174617735
-0.292335867974 0.111174617735 0.575400428323
0.385555667483 -0.118579906321 -0.279875105683
-0.118579906321 0.308640197312 0.109087969899
-0.279875105683 0.109087969899 0.567541553078
0.385885027429 -0.116030089871 -0.257912385401
-0.116030089871 0.299596548169 0.106810574670
-0.257912385401 0.106810574670 0.562490897994
0.399787022650 -0.114345685130 -0.218091332391
-0.114345685130 0.289801179914 0.105414588756
-0.218091332391 0.105414588756 0.570510363144
0.449320030651 -0.116530533387 -0.144765594007
-0.116530533387 0.283640297114 0.107760832546
-0.144765594007 0.107760832546 0.616177039424
0.578452684146 -0.129068144793 -0.010901300788
-0.129068144793 0.291598189549 0.119995268807
-0.010901300788 0.119995268807 0.749516110946
0.858943677297 -0.163081189022 0.223088753545
-0.163081189022 0.332686115216 0.152632461672
0.223088753545 0.152632461672 1.053302459737
1.375273186896 -0.232266434557 0.598766000766
-0.232266434557 0.431400308610 0.218589752604
0.598766000766 0.218589752604 1.626247533672
2.172686621890 -0.344857832672 1.130865944125
-0.344857832672 0.604014956142 0.325589275867
1.130865944125 0.325589275867 2.523109081141
3.194476413703 -0.493451801312 1.776494163708
-0.493451801312 0.840375238075 0.466563223498
1.776494163708 0.466563223498 3.681409333790
4.281357172622 -0.654262615665 2.440205649364
-0.654262615665 1.101458423128 0.618983621693
2.440205649364 0.618983621693 4.919373651634
5.255180674820 -0.799828871947 3.022443513847
-0.799828871947 1.340607860692 0.756888668907
3.022443513847 0.756888668907 6.031951817981
6.005943112494 -0.912733013989 3.465582408065
-0.912733013989 1.527405639222 0.863842081027
3.465582408065 0.863842081027 6.891709524944
6.510180473420 -0.988821285411 3.760984843777
-0.988821285411 1.653845802380 0.935962224268
3.760984843777 0.935962224268 7.470906422803
6.797037739930 -1.032164307719 3.928431961772
-1.032164307719 1.726127732141 0.977155066047
3.928431961772 0.977155066047 7.802992275621
6.909337705350 -1.049081700923 3.994134851483
-1.049081700923 1.754569792130 0.993477956228
3.994134851483 0.993477956228 7.938160827691
6.881355550585 -1.044677864216 3.978601778007
-1.044677864216 1.747692731145 0.989895152512
3.978601778007 0.989895152512 7.918314874967
6.731626837867 -1.021684234202 3.892969400260
-1.021684234202 1.710236650701 0.969240307463
3.892969400260 0.969240307463 7.769880864227
6.463757498365 -0.980533997090 3.739766604655
-0.980533997090 1.643328605766 0.932387864343
3.739766604655 0.932387864343 7.506795866532
6.071044988580 -0.920015816225 3.515808140708
-0.920015816225 1.545706929777 0.879038003026
3.515808140708 0.879038003026 7.139322834672
5.544117401073 -0.838375945114 3.216838034172
-0.838375945114 1.415778202330 0.809001313846
3.216838034172 0.809001313846 6.687994569983
4.882330710145 -0.734989825919 2.844344930270
-0.734989825919 1.254653878484 0.724043089787
2.844344930270 0.724043089787 6.202415500675
4.108270191842 -0.612550681642 2.414022979751
-0.612550681642 1.069883884180 0.630024020195
2.414022979751 0.630024020195 5.779703752716
3.279579316835 -0.478994279305 1.962208147796
-0.478994279305 0.878187956300 0.538166510521
1.962208147796 0.538166510521 5.566790872890
2.486189837328 -0.347440134869 1.543061449492
-0.347440134869 0.703923470988 0.463403922346
1.543061449492 0.463403922346 5.723873195959
1.823710991410 -0.232665485724 1.211391487548
-0.232665485724 0.571098573708 0.418747624723
1.211391487548 0.418747624723 6.345090648277
1.353110032210 -0.145278471728 0.998229787294
-0.145278471728 0.492359712535 0.408418412056
0.998229787294 0.408418412056 7.382488748719
1.076552940866 -0.087731779645 0.897831439923
-0.087731779645 0.463504650537 0.425432976311
0.897831439923 0.425432976311 8.645542965937
0.948673929819 -0.055214595774 0.876956990922
-0.055214595774 0.468231235692 0.456065335682
0.876956990922 0.456065335682 9.889929000632
0.909133952144 -0.039882555626 0.896219100902
-0.039882555626 0.488139473255 0.487049103706
0.896219100902 0.487049103706 10.923285042879
0.908850291717 -0.034670261912 0.925960854808
-0.034670261912 0.509895377060 0.509995330281
0.925960854808 0.509995330281 11.653926840044
0.918347202952 -0.034837650011 0.950229517593
-0.034837650011 0.526779047607 0.521662426553
0.950229517593 0.521662426553 12.076422862920
0.924077158364 -0.037800885832 0.963354824103
-0.037800885832 0.536869873151 0.522084594728
0.963354824103 0.522084594728 12.231733941659
0.921739951160 -0.042397520162 0.965124713559
-0.042397520162 0.540692382596 0.512634183245
0.965124713559 0.512634183245 12.173303309292
0.911178687704 -0.048241209429 0.957366104806
-0.048241209429 0.539597962944 0.494825083245
0.957366104806 0.494825083245 11.948571288427
0.893569919547 -0.055320253551 0.942199292362
-0.055320253551 0.534966065420 0.469805656333
0.942199292362 0.469805656333 11.592685082115
0.870205142422 -0.063784038846 0.921379636591
-0.063784038846 0.527923236887 0.438260124591
0.921379636591 0.438260124591 11.128723033049
0.842098627017 -0.073830750812 0.896166188117
-0.073830750812 0.519304037834 0.400497865177
0.896166188117 0.400497865177 10.570449875685
0.809943407425 -0.085633510758 0.867383167772
-0.085633510758 0.509691866915 0.356616836552
0.867383167772 0.356616836552 9.925650877018
0.774180983981 -0.099267673572 0.835517084647
-0.099267673572 0.499464638052 0.306700369771
0.835517084647 0.306700369771 9.199377396602
0.735089358565 -0.114619835957 0.800790027619
-0.114619835957 0.488818886352 0.251039972063
0.800790027619 0.251039972063 8.397028209929
0.692860338416 -0.131274161075 0.763197226466
-0.131274161075 0.477771937947 0.190379666828
0.763197226466 0.190379666828 7.527334215512
0.647666390389 -0.148391330922 0.722523145218
-0.148391330922 0.466159854338 0.126155294547
0.722523145218 0.126155294547 6.605166047803
0.599730766488 -0.164624014111 0.678371513876
-0.164624014111 0.453665313705 0.060659686061
0.678371513876 0.060659686061 5.653727448054
0.549419209583 -0.178144418866 0.630262509689
-0.178144418866 0.439919457262 -0.002982348409
0.630262509689 -0.002982348409 4.705254450611
0.497363362380 -0.186870393436 0.577849347942
-0.186870393436 0.424707541790 -0.061155980038
0.577849347942 -0.061155980038 3.799102581653
0.444596594037 -0.188927163962 0.521259416769
-0.188927163962 0.408250094092 -0.110457693769
0.521259416769 -0.110457693769 2.976533005905
0.392635406230 -0.183250508499 0.461460999397
-0.183250508499 0.391437593466 -0.148596338718
0.461460999397 -0.148596338718 2.272902041626
0.343407717448 -0.170079040190 0.400447915110
-0.170079040190 0.375835920442 -0.175111292290
0.400447915110 -0.175111292290 1.709829214878
0.298967645165 -0.151040683805 0.341038223621
-0.151040683805 0.363349466066 -0.191493227444
0.341038223621 -0.191493227444 1.290817840265
0.261057626997 -0.128718701340 0.286271238598
-0.128718701340 0.355636903914 -0.200581644552
0.286271238598 -0.200581644552 1.002457056389
0.230700281990 -0.105891365494 0.238650669891
-0.105891365494 0.353564841943 -0.205547929311
0.238650669891 -0.205547929311 0.820342542100
0.208007312567 -0.084821403870 0.199590861153
-0.084821403870 0.356970867040 -0.208985558964
0.199590861153 -0.208985558964 0.716541762516
0.192265041405 -0.066881492418 0.169277953088
-0.066881492418 0.364795730581 -0.212459809658
0.169277953088 -0.212459809658 0.665465980144
0.182206104107 -0.052556850539 0.146902165733
-0.052556850539 0.375428799633 -0.216524722323
0.146902165733 -0.216524722323 0.646789683642
0.176315465181 -0.041680476356 0.131059535900
-0.041680476356 0.387048976616 -0.220990874320
0.131059535900 -0.220990874320 0.645818290748
0.173057281223 -0.033722736547 0.120127816117
-0.033722736547 0.397823560321 -0.225216427695
0.120127816117 -0.225216427695 0.652438124284
0.170987046543 -0.028022132247 0.112518413212
-0.028022132247 0.405948477044 -0.228300874973
0.112518413212 -0.228300874973 0.659652918238
0.168777550866 -0.023921994656 0.106802324107
-0.023921994656 0.409605147259 -0.229171176909
0.106802324107 -0.229171176909 0.662305131493
0.165222021750 -0.020825090903 0.101763137638
-0.020825090903 0.406961916890 -0.226617337626
0.101763137638 -0.226617337626 0.656277196886
0.159287475489 -0.018194490983 0.096445405232
-0.018194490983 0.396366149374 -0.219362287080
0.096445405232 -0.219362287080 0.638329037997
0.150271441365 -0.015531107466 0.090248140766
-0.015531107466 0.376826964393 -0.206245284412
0.090248140766 -0.206245284412 0.606620252839
0.138047265315 -0.012359522330 0.083057212208
-0.012359522330 0.348715736939 -0.186545564508
0.083057212208 -0.186545564508 0.561702986430
0.123269902639 -0.008253838639 0.075327135005
-0.008253838639 0.314318774240 -0.160362592047
0.075327135005 -0.160362592047 0.507323979976
0.107338003115 -0.002918366744 0.067977507506
-0.002918366744 0.277694537163 -0.128849547861
0.067977507506 -0.128849547861 0.450108539729
0.092004033881 0.003707413269 0.062055367845
0.003707413269 0.243580014213 -0.094092555802
0.062055367845 -0.094092555802 0.397709165057
0.078788918725 0.011394032522 0.058310210304
0.011394032522 0.215822972820 -0.058617756033
0.058310210304 -0.058617756033 0.356219229769
0.068539803961 0.019675686994 0.056934284303
0.019675686994 0.196279592575 -0.024761454035
0.056934284303 -0.024761454035 0.328400216873
0.061351321295 0.027992594478 0.057595468859
0.027992594478 0.184738697575 0.005787693822
0.057595468859 0.005787693822 0.313621713928
0.056788140253 0.035841080880 0.059670277650
0.035841080880 0.179639931687 0.032125988140
0.059670277650 0.032125988140 0.309096193322
0.054193951698 0.042863010429 0.062495038720
0.042863010429 0.178964131788 0.054012690536
0.062495038720 0.054012690536 0.311365448378
0.052923552401 0.048861263030 0.065521672505
0.048861263030 0.180856937858 0.071639483760
0.065521672505 0.071639483760 0.317319099957
0.052455129260 0.053767546274 0.068367080930
0.053767546274 0.183896440320 0.085410799374
0.068367080930 0.085410799374 0.324612702035
0.052413817499 0.057594862160 0.070796502955
0.057594862160 0.187114579482 0.095785949039
0.070796502955 0.095785949039 0.331678965823
0.052551759840 0.060394839499 0.072682569766
0.060394839499 0.189908485258 0.103185242400
0.072682569766 0.103185242400 0.337562847233
0.052716298239 0.062227061116 0.073964751488
0.062227061116 0.191930917149 0.107942711752
0.073964751488 0.107942711752 0.341728625250
0.052821774859 0.063139993712 0.074618757487
0.063139993712 0.193000080205 0.110286408615
0.074618757487 0.110286408615 0.343904128520
0.052830252002 0.063160600784 0.074637351138
0.063160600784 0.193040240800 0.110332159115
0.074637351138 0.110332159115 0.343979220259
0.052742003602 0.062289891493 0.074021320645
0.062289891493 0.192053021931 0.108082299789
0.074021320645 0.108082299789 0.341957002624
0.052595521708 0.060502870457 0.072779433465
0.060502870457 0.190117390894 0.103425498398
0.072779433465 0.103425498398 0.337953763189
0.052477073291 0.057752838259 0.070937354827
0.057752838259 0.187418396344 0.096137463155
0.070937354827 0.096137463155 0.332247726663
